data_maxent/Cropland.asc
ncols         48
nrows         56
xllcorner     293035.91052102
yllcorner     3212444.7030503
cellsize      500
NODATA_value  -9999
[rows 0 to 38 of 56, columns 0 to 47 of 48]
0 500 0 500 1000 1414.214 1581.139 1118.034 707.1068 500 500 707.1068 500 707.1068 1118.034 1581.139 2061.553 2500 2915.476 3354.102 3807.886 4272.002 4743.417 5220.153 5700.877 6184.658 6670.832 7071.068 6576.473 6082.763 5590.17 5099.02 4609.772 4123.105 3640.055 3162.278 2692.583 2236.068 1802.776 1414.214 1118.034 1000 1118.034 1414.214 1802.776 2000 2061.553 2236.068
500 707.1068 500 707.1068 1118.034 1581.139 1500 1000 500 0 500 1000 1000 1118.034 1414.214 1802.776 2236.068 2692.583 3162.278 3605.551 4031.129 4472.136 4924.429 5385.165 5852.35 6324.555 6800.735 7158.911 6670.832 6184.658 5700.877 5220.153 4743.417 4272.002 3807.886 3354.102 2915.476 2500 2121.32 1802.776 1581.139 1500 1581.139 1802.776 1581.139 1500 1581.139 1802.776
1000 500 0 500 1000 1500 1581.139 1118.034 707.1068 500 707.1068 1118.034 1500 1581.139 1802.776 2121.32 2500 2915.476 3354.102 3807.886 4272.002 4716.991 5147.815 5590.17 6041.523 6500 6964.194 7106.335 6726.812 6324.555 5852.35 5385.165 4924.429 4472.136 4031.129 3605.551 3201.562 2828.427 2500 2236.068 2061.553 2000 1802.776 1414.214 1118.034 1000 1118.034 1414.214
1118.034 707.1068 500 707.1068 1118.034 1581.139 1802.776 1414.214 1118.034 1000 1000 1000 1118.034 1414.214 1802.776 2121.32 2500 2915.476 3354.102 3807.886 4272.002 4743.417 5220.153 5700.877 6184.658 6670.832 7158.911 6800.735 6403.124 6020.797 5656.854 5315.073 5000 4716.991 4301.163 3905.125 3535.534 3201.562 2915.476 2692.583 2549.51 2061.553 1581.139 1118.034 707.1068 500 707.1068 1118.034
1414.214 1118.034 1000 1118.034 1414.214 1802.776 1581.139 1118.034 707.1068 500 500 500 707.1068 1118.034 1414.214 1802.776 2236.068 2692.583 3162.278 3640.055 4123.105 4609.772 5099.02 5590.17 6082.763 6576.473 6946.222 6519.203 6103.278 5700.877 5315.073 4949.748 4609.772 4301.163 4031.129 3807.886 3640.055 3535.534 3354.102 3000 2500 2000 1500 1000 500 0 500 1000
1802.776 1581.139 1500 1581.139 1802.776 2000 1500 1000 500 0 0 0 500 707.1068 1118.034 1581.139 2061.553 2549.51 3041.381 3535.534 4031.129 4527.692 5024.938 5522.681 6020.797 6519.203 6708.204 6264.982 5830.952 5408.327 5000 4609.772 4242.641 3905.125 3605.551 3354.102 3162.278 3041.381 3000 3041.381 2549.51 2061.553 1581.139 1118.034 707.1068 500 707.1068 1118.034
2236.068 2061.553 2000 2061.553 2236.068 2061.553 1581.139 1118.034 707.1068 500 500 0 0 500 1000 1500 2000 2500 3000 3500 4000 4500 5000 5500 6000 6500 6500 6041.523 5590.17 5147.815 4716.991 4301.163 3905.125 3535.534 3201.562 2915.476 2692.583 2549.51 2500 2549.51 2549.51 2061.553 1581.139 1118.034 707.1068 500 707.1068 1118.034
2692.583 2549.51 2500 2549.51 2692.583 2236.068 1802.776 1414.214 1118.034 1000 707.1068 500 0 500 1000 1500 2000 2500 3000 3500 4000 4500 5000 5500 6000 6500 6324.555 5852.35 5385.165 4924.429 4472.136 4031.129 3605.551 3201.562 2828.427 2500 2236.068 2061.553 2000 2061.553 2236.068 2000 1500 1000 500 0 500 1000
2236.068 2061.553 2000 2061.553 2236.068 2500 2121.32 1802.776 1581.139 1414.214 1118.034 707.1068 500 707.1068 1118.034 1581.139 2061.553 2549.51 3041.381 3535.534 4031.129 4527.692 5024.938 5522.681 6020.797 6519.203 6184.658 5700.877 5220.153 4743.417 4272.002 3807.886 3354.102 2915.476 2500 2121.32 1802.776 1581.139 1500 1581.139 1802.776 2061.553 1581.139 1118.034 707.1068 500 707.1068 1118.034
1802.776 1581.139 1500 1581.139 1802.776 2061.553 1802.776 1581.139 1500 1581.139 1414.214 1118.034 1000 1118.034 1414.214 1802.776 2236.068 2692.583 3162.278 3640.055 4123.105 4609.772 5099.02 5590.17 6041.523 6500 6082.763 5590.17 5099.02 4609.772 4123.105 3640.055 3162.278 2692.583 2236.068 1802.776 1414.214 1118.034 1000 1118.034 1414.214 1802.776 1802.776 1414.214 1118.034 1000 1118.034 1414.214
1414.214 1118.034 1000 1118.034 1414.214 1581.139 1414.214 1118.034 1000 1118.034 1414.214 1581.139 1500 1581.139 1802.776 2121.32 2500 2828.427 3201.562 3605.551 4031.129 4472.136 4924.429 5385.165 5852.35 6324.555 6020.797 5522.681 5024.938 4527.692 4031.129 3535.534 3041.381 2549.51 2061.553 1581.139 1118.034 707.1068 500 707.1068 1118.034 1581.139 1500 1581.139 1581.139 1500 1581.139 1802.776
1118.034 707.1068 500 707.1068 1000 1118.034 1118.034 707.1068 500 707.1068 1118.034 1581.139 1581.139 1500 1581.139 1802.776 2121.32 2500 2915.476 3354.102 3807.886 4272.002 4743.417 5220.153 5700.877 6020.797 6000 5500 5000 4500 4000 3500 3000 2500 2000 1500 1000 500 0 500 1000 1118.034 1000 1118.034 1414.214 1802.776 2061.553 2236.068
1000 500 0 500 500 707.1068 1000 500 0 500 1000 1414.214 1118.034 1000 1118.034 1414.214 1802.776 2236.068 2692.583 3162.278 3640.055 4123.105 4609.772 5099.02 5500 5522.681 5590.17 5522.681 5024.938 4527.692 4031.129 3535.534 3041.381 2549.51 2061.553 1581.139 1118.034 707.1068 500 707.1068 1118.034 707.1068 500 707.1068 1118.034 1581.139 2061.553 2549.51
1118.034 707.1068 500 500 0 500 500 500 500 707.1068 1118.034 1118.034 707.1068 500 707.1068 1118.034 1581.139 2061.553 2549.51 3041.381 3535.534 4031.129 4527.692 5024.938 5000 5024.938 5099.02 5220.153 5099.02 4609.772 4123.105 3640.055 3162.278 2692.583 2236.068 1802.776 1414.214 1118.034 1000 1118.034 1000 500 0 500 1000 1500 2000 2500
1414.214 1118.034 1000 707.1068 500 0 0 0 500 707.1068 1118.034 1000 500 0 500 1000 1500 2000 2500 3000 3500 4000 4500 4527.692 4500 4527.692 4609.772 4743.417 4924.429 4743.417 4272.002 3807.886 3354.102 2915.476 2500 2121.32 1802.776 1581.139 1500 1581.139 1118.034 707.1068 500 707.1068 1118.034 1581.139 2061.553 2549.51
1000 1118.034 1000 500 0 500 500 500 0 500 1000 1118.034 707.1068 500 707.1068 1118.034 1581.139 2061.553 2549.51 3041.381 3535.534 4031.129 4123.105 4031.129 4000 4031.129 4123.105 4272.002 4472.136 4716.991 4472.136 4031.129 3605.551 3201.562 2828.427 2500 2236.068 2061.553 2000 1802.776 1414.214 1118.034 1000 1118.034 1414.214 1802.776 2236.068 2500
500 707.1068 1118.034 707.1068 500 707.1068 1000 707.1068 500 707.1068 1118.034 1414.214 1118.034 1000 1118.034 1414.214 1802.776 2236.068 2692.583 3162.278 3640.055 3807.886 3640.055 3535.534 3500 3535.534 3640.055 3807.886 4031.129 4301.163 4609.772 4301.163 3905.125 3535.534 3201.562 2915.476 2692.583 2549.51 2500 2121.32 1802.776 1581.139 1500 1581.139 1802.776 2000 2061.553 2236.068
0 500 1000 1118.034 1000 1118.034 1000 1118.034 1000 1118.034 1414.214 1802.776 1581.139 1500 1581.139 1802.776 2121.32 2500 2915.476 3354.102 3605.551 3354.102 3162.278 3041.381 3000 3041.381 3162.278 3354.102 3605.551 3905.125 4242.641 4609.772 4242.641 3905.125 3605.551 3354.102 3162.278 3041.381 2828.427 2500 2236.068 2061.553 2000 1802.776 1581.139 1500 1581.139 1802.776
500 707.1068 1118.034 707.1068 500 707.1068 500 707.1068 1118.034 1581.139 1802.776 2121.32 2061.553 2000 2061.553 2236.068 2500 2828.427 3201.562 3535.534 3201.562 2915.476 2692.583 2549.51 2500 2549.51 2692.583 2915.476 3201.562 3535.534 3905.125 4301.163 4609.772 4301.163 4031.129 3807.886 3640.055 3535.534 3201.562 2915.476 2692.583 2236.068 1802.776 1414.214 1118.034 1000 1118.034 1414.214
1000 1118.034 1000 500 0 500 0 500 1000 1500 2000 2500 2549.51 2500 2549.51 2692.583 2915.476 3201.562 3535.534 3201.562 2828.427 2500 2236.068 2061.553 2000 2061.553 2236.068 2500 2828.427 3201.562 3605.551 4031.129 4472.136 4716.991 4472.136 4272.002 4123.105 3905.125 3535.534 3041.381 2549.51 2061.553 1581.139 1118.034 707.1068 500 707.1068 1118.034
1500 1581.139 1118.034 707.1068 500 707.1068 500 707.1068 1118.034 1581.139 2061.553 2549.51 3041.381 3000 3041.381 3162.278 3354.102 3605.551 3354.102 2915.476 2500 2121.32 1802.776 1581.139 1500 1581.139 1802.776 2121.32 2500 2915.476 3354.102 3807.886 4272.002 4743.417 4924.429 4743.417 4500 4000 3500 3000 2500 2000 1500 1000 500 0 500 1000
2000 1802.776 1414.214 1118.034 1000 1118.034 1000 1118.034 1414.214 1802.776 2236.068 2692.583 3162.278 3500 3535.534 3640.055 3807.886 3640.055 3162.278 2692.583 2236.068 1802.776 1414.214 1118.034 1000 1118.034 1414.214 1802.776 2236.068 2692.583 3162.278 3640.055 4123.105 4609.772 5099.02 5024.938 4527.692 4031.129 3535.534 3041.381 2549.51 2061.553 1581.139 1118.034 707.1068 500 707.1068 1118.034
2061.553 2121.32 1802.776 1581.139 1500 1581.139 1500 1581.139 1802.776 2121.32 2500 2915.476 3354.102 3807.886 4031.129 4123.105 4031.129 3535.534 3041.381 2549.51 2061.553 1581.139 1118.034 707.1068 500 707.1068 1118.034 1581.139 2061.553 2549.51 3041.381 3535.534 4031.129 4527.692 5024.938 5099.02 4609.772 4123.105 3640.055 3162.278 2692.583 2236.068 1802.776 1414.214 1118.034 1000 1118.034 1414.214
1581.139 1802.776 2061.553 2061.553 2000 2061.553 2000 2061.553 2236.068 2500 2828.427 3201.562 3605.551 4031.129 4472.136 4500 4000 3500 3000 2500 2000 1500 1000 500 0 500 1000 1500 2000 2500 3000 3500 4000 4500 4924.429 4743.417 4609.772 4272.002 3807.886 3354.102 2915.476 2500 2121.32 1802.776 1581.139 1500 1581.139 1802.776
1118.034 1414.214 1581.139 1802.776 2121.32 2500 2500 2549.51 2692.583 2915.476 3201.562 3535.534 3905.125 4301.163 4716.991 4527.692 4031.129 3535.534 3041.381 2549.51 2061.553 1581.139 1118.034 707.1068 500 707.1068 1118.034 1581.139 2061.553 2549.51 3041.381 3535.534 4031.129 4527.692 4472.136 4272.002 4123.105 4031.129 4000 3605.551 3201.562 2828.427 2500 2236.068 2061.553 2000 2061.553 2236.068
707.1068 1000 1118.034 1414.214 1802.776 2236.068 2692.583 3041.381 3162.278 3354.102 3605.551 3905.125 4242.641 4609.772 5000 4609.772 4123.105 3640.055 3162.278 2692.583 2236.068 1802.776 1414.214 1118.034 1000 1118.034 1414.214 1802.776 2236.068 2692.583 3162.278 3640.055 4123.105 4301.163 4031.129 3807.886 3640.055 3535.534 3500 3535.534 3535.534 3201.562 2915.476 2692.583 2549.51 2500 2549.51 2692.583
500 500 707.1068 1118.034 1581.139 2061.553 2549.51 3041.381 3535.534 3807.886 4031.129 4301.163 4609.772 4949.748 5220.153 4743.417 4272.002 3807.886 3354.102 2915.476 2500 2121.32 1802.776 1581.139 1500 1581.139 1802.776 2121.32 2500 2915.476 3354.102 3807.886 4242.641 3905.125 3605.551 3354.102 3162.278 3041.381 3000 3041.381 3162.278 3354.102 3354.102 3162.278 3041.381 3000 3041.381 3162.278
500 0 500 1000 1500 2000 2500 3000 3500 4000 4472.136 4716.991 5000 5315.073 5385.165 4924.429 4472.136 4031.129 3605.551 3201.562 2828.427 2500 2236.068 2061.553 2000 2061.553 2236.068 2500 2828.427 3201.562 3605.551 4031.129 3905.125 3535.534 3201.562 2915.476 2692.583 2549.51 2500 2549.51 2692.583 2915.476 3201.562 3535.534 3535.534 3500 3535.534 3640.055
707.1068 500 707.1068 1118.034 1581.139 2061.553 2549.51 3041.381 3535.534 4031.129 4527.692 5024.938 5408.327 5700.877 5590.17 5147.815 4716.991 4301.163 3905.125 3535.534 3201.562 2915.476 2692.583 2549.51 2500 2549.51 2692.583 2915.476 3201.562 3535.534 3905.125 4031.129 3605.551 3201.562 2828.427 2500 2236.068 2061.553 2000 2061.553 2236.068 2500 2828.427 3201.562 3605.551 4000 4031.129 4123.105
1118.034 1000 1118.034 1414.214 1802.776 2236.068 2692.583 3162.278 3640.055 4123.105 4609.772 5099.02 5590.17 6082.763 5830.952 5408.327 5000 4609.772 4242.641 3905.125 3605.551 3354.102 3162.278 3041.381 3000 3041.381 3162.278 3354.102 3605.551 3905.125 4242.641 3807.886 3354.102 2915.476 2500 2121.32 1802.776 1581.139 1500 1581.139 1802.776 2121.32 2500 2915.476 3354.102 3807.886 4272.002 4609.772
1581.139 1500 1581.139 1802.776 2121.32 2500 2915.476 3354.102 3807.886 4272.002 4743.417 5220.153 5700.877 6184.658 6103.278 5700.877 5315.073 4949.748 4609.772 4301.163 4031.129 3807.886 3640.055 3535.534 3500 3535.534 3640.055 3807.886 4031.129 4301.163 4123.105 3640.055 3162.278 2692.583 2236.068 1802.776 1414.214 1118.034 1000 1118.034 1414.214 1802.776 2236.068 2692.583 3162.278 3640.055 4123.105 4609.772
2061.553 2000 2061.553 2236.068 2500 2828.427 3201.562 3605.551 4031.129 4472.136 4924.429 5385.165 5852.35 6324.555 6403.124 6020.797 5656.854 5315.073 5000 4716.991 4472.136 4272.002 4123.105 4031.129 4000 4031.129 4123.105 4272.002 4472.136 4527.692 4031.129 3535.534 3041.381 2549.51 2061.553 1581.139 1118.034 707.1068 500 707.1068 1118.034 1581.139 2061.553 2549.51 3041.381 3535.534 4031.129 4527.692
2549.51 2500 2549.51 2692.583 2915.476 3201.562 3535.534 3905.125 4301.163 4716.991 5147.815 5590.17 6041.523 6500 6726.812 6363.961 6020.797 5700.877 5408.327 5147.815 4924.429 4743.417 4609.772 4527.692 4500 4527.692 4609.772 4743.417 4924.429 4500 4000 3500 3000 2500 2000 1500 1000 500 0 500 1000 1500 2000 2500 3000 3500 4000 4500
3041.381 3000 3041.381 3162.278 3354.102 3605.551 3905.125 4242.641 4609.772 5000 5408.327 5830.952 6264.982 6708.204 7071.068 6726.812 6403.124 6103.278 5830.952 5590.17 5385.165 5220.153 5099.02 5024.938 5000 5024.938 5099.02 5220.153 5024.938 4527.692 4031.129 3535.534 3041.381 2549.51 2061.553 1581.139 1118.034 707.1068 500 707.1068 1118.034 1581.139 2061.553 2549.51 3041.381 3535.534 4031.129 4527.692
3535.534 3500 3535.534 3640.055 3807.886 4031.129 4301.163 4609.772 4949.748 5315.073 5700.877 6103.278 6519.203 6946.222 7382.412 7106.335 6800.735 6519.203 6264.982 6041.523 5852.35 5700.877 5590.17 5522.681 5500 5522.681 5590.17 5590.17 5099.02 4609.772 4123.105 3640.055 3162.278 2692.583 2236.068 1802.776 1414.214 1118.034 1000 1118.034 1414.214 1802.776 2236.068 2692.583 3162.278 3640.055 4123.105 4527.692
4031.129 4000 4031.129 4123.105 4272.002 4472.136 4716.991 5000 5315.073 5656.854 6020.797 6403.124 6800.735 7211.103 7632.169 7500 7211.103 6946.222 6708.204 6500 6324.555 6184.658 6082.763 6020.797 6000 6020.797 6082.763 5700.877 5220.153 4743.417 4272.002 3807.886 3354.102 2915.476 2500 2121.32 1802.776 1581.139 1500 1581.139 1802.776 2121.32 2500 2915.476 3354.102 3807.886 4272.002 4500
4527.692 4500 4527.692 4609.772 4743.417 4924.429 5147.815 5408.327 5700.877 6020.797 6363.961 6726.812 7106.335 7500 7905.694 7905.694 7632.169 7382.412 7158.911 6964.194 6800.735 6670.832 6576.473 6519.203 6500 6519.203 6324.555 5852.35 5385.165 4924.429 4472.136 4031.129 3605.551 3201.562 2828.427 2500 2236.068 2061.553 2000 2061.553 2236.068 2500 2828.427 3201.562 3605.551 4031.129 4472.136 4527.692
5024.938 5000 5024.938 5099.02 5220.153 5385.165 5590.17 5830.952 6103.278 6403.124 6726.812 7071.068 7433.034 7810.25 8200.609 8321.658 8062.258 7826.238 7615.773 7433.034 7280.11 7158.911 7071.068 7017.834 7000 6964.194 6500 6041.523 5590.17 5147.815 4716.991 4301.163 3905.125 3535.534 3201.562 2915.476 2692.583 2549.51 2500 2549.51 2692.583 2915.476 3201.562 3535.534 3905.125 4301.163 4716.991 4527.692
5522.681 5500 5522.681 5590.17 5700.877 5852.35 6041.523 6264.982 6519.203 6800.735 7106.335 7433.034 7778.175 8139.41 8514.693 8746.428 8500 8276.473 8077.747 7905.694 7762.087 7648.529 7566.373 7516.648 7500 7158.911 6708.204 6264.982 5830.952 5408.327 5000 4609.772 4242.641 3905.125 3605.551 3354.102 3162.278 3041.381 3000 3041.381 3162.278 3354.102 3605.551 3905.125 4242.641 4609.772 5000 4500
