data_maxent/HFI.asc
ncols         48
nrows         56
xllcorner     293035.91052102
yllcorner     3212444.7030503
cellsize      500
NODATA_value  -9999
1523 1937 1899 1647 1472 1134 1259 1259 3217 2495 2655 1256 1071 1364 1011 910 876 848 861 1220 927 931 934 916 932 946 955 1005 1005 1058 1532 0 1076 1915 1517 1853 1837 1857 1238 1820 2134 2990 3375 0 2522 1017 949 980 
1153 1586 1935 1980 1665 1043 1394 1394 2619 1955 1298 1284 1383 1427 990 846 821 794 805 850 874 870 866 857 847 884 949 1018 1018 1066 1366 1233 1017 1117 709 858 874 1724 1970 2180 2539 3683 3292 2169 1048 1045 959 936 
525 1485 1363 1450 1849 1509 1614 1614 2514 1185 1070 1003 993 989 929 870 808 763 775 802 832 809 816 830 821 875 967 1066 1066 1098 1347 1239 1170 746 733 839 833 780 976 1836 2520 3245 0 2212 1027 964 904 951 
504 747 1371 1339 1689 1849 2666 2666 1943 1427 1062 980 929 1440 834 828 790 768 748 766 775 769 770 790 826 906 975 766 766 1231 1259 966 1180 1092 1418 1434 920 1780 2360 2577 3001 4267 0 2584 1593 971 951 1412 
472 546 555 767 1227 1840 0 0 1337 1175 1019 1436 934 1424 829 788 761 760 736 849 761 742 742 780 852 904 977 689 689 1081 0 1526 1399 1212 1148 1207 1377 1955 2628 3837 4169 5268 2700 2171 1091 1191 1140 1158 
445 482 521 872 1405 1746 2179 2179 1123 1510 1459 1616 1556 1449 825 767 740 759 768 531 508 516 438 442 471 529 590 675 675 692 1275 0 844 1120 1810 1878 2388 2376 3534 0 4764 3069 2531 1582 1340 915 847 896 
430 495 541 560 940 2511 2765 2765 1114 1275 1559 1408 1548 1753 870 793 738 742 401 363 380 398 417 453 463 502 558 652 652 692 758 1971 1733 2049 2253 2407 2677 2747 3605 4800 5143 2677 2058 1515 1349 915 847 896 
888 850 535 1216 1456 1922 2767 2767 1198 1627 1648 1430 1302 1575 1248 755 682 592 358 342 372 383 410 446 449 478 538 630 630 695 751 0 2244 2973 2715 2671 2772 2625 2793 4750 5709 2661 2058 1515 1349 926 863 885 
890 803 533 1424 1494 3768 3088 3088 1905 1989 2052 1278 1128 1091 796 592 577 1268 1106 903 419 439 417 428 435 473 751 1360 1360 1427 869 1658 2140 0 4305 0 3927 3870 3712 4750 5709 2661 1902 1470 1306 884 848 869 
890 803 533 1424 1494 3768 3088 3088 1905 1989 2052 1278 1128 1091 796 592 577 1268 1106 903 419 439 417 428 435 473 751 1360 1360 1427 869 1658 2140 0 4305 0 3927 3870 3712 4750 5709 2661 1902 1470 1306 884 848 869 
1223 1111 644 867 1511 4044 3549 3549 2068 2520 1448 906 704 656 613 569 540 503 647 1082 1142 1162 1156 1181 1195 1225 599 585 585 1139 1490 2140 2789 2877 2719 0 3927 3870 3712 5238 0 2891 1713 919 898 829 811 871 
1303 1333 1446 1611 2379 0 2730 2730 2624 1596 843 708 651 595 536 494 481 456 325 329 325 341 369 409 515 465 540 551 551 569 735 1659 2789 2877 2719 0 3251 3710 0 4757 0 2760 1523 728 674 642 789 811 
1388 1492 1593 2165 0 3074 1930 1930 1563 1016 766 689 629 596 546 517 484 462 647 573 358 363 393 422 449 487 554 568 568 569 1032 1659 2556 2548 2982 0 3811 0 3057 3058 2915 2077 1292 709 655 598 769 1330 
1684 2009 2407 3431 3645 2000 1634 1634 1113 790 712 660 638 604 588 541 511 561 669 628 517 538 409 454 479 487 554 568 568 796 1170 1793 1636 1702 1452 1753 0 2000 1959 2102 1809 1662 946 920 610 595 847 1391 
2566 2773 0 0 3062 1435 1113 1113 1225 746 686 645 611 669 990 717 535 555 681 687 702 722 409 454 479 516 576 630 630 906 1806 1806 1211 1094 1260 1310 1560 1535 1840 2854 1939 2254 689 609 589 972 1205 1274 
0 3069 1944 2073 1848 1306 1105 1105 1131 785 657 620 586 704 614 549 567 592 703 687 702 722 444 488 505 535 587 665 665 931 1417 1016 747 724 694 743 750 729 1095 1367 1175 1439 1038 869 890 1339 1360 898 
2015 2077 2641 1833 763 736 715 715 724 1062 711 584 585 561 540 501 567 592 703 708 742 759 789 824 552 570 634 855 855 1431 1124 734 694 668 643 664 760 1414 1268 844 1164 726 666 663 755 816 1611 1066 
961 915 807 760 750 709 674 674 708 659 624 569 543 561 540 501 693 697 719 761 775 812 835 862 594 699 799 779 779 1170 704 663 634 639 616 658 915 1044 622 683 790 1177 722 648 1217 991 980 1655 
768 736 739 707 1091 955 1069 1069 1244 630 624 569 543 523 527 696 696 705 747 781 815 863 903 920 1060 1262 1524 1765 1765 1182 1402 1014 1331 695 611 600 638 627 650 704 1096 1127 1101 827 880 880 1065 1557 
711 668 676 1441 1447 658 628 628 1244 630 594 552 503 493 521 725 725 740 787 817 878 919 1217 1331 1448 1998 2164 1517 1517 1073 1203 1207 942 645 606 601 631 666 682 992 1141 880 945 939 870 1010 1490 1609 
759 731 706 678 1447 658 628 628 919 622 558 514 490 482 525 728 827 833 827 856 967 1564 1409 1933 1932 1890 1795 1446 1446 764 729 648 656 633 567 579 619 949 1075 1176 1213 799 768 792 872 1334 1424 1570 
878 731 706 678 762 584 583 583 572 559 515 484 471 479 513 1024 1263 854 918 1001 927 985 1329 1454 1374 1322 2118 1182 1182 906 890 878 796 539 511 549 598 932 856 1003 836 906 1076 815 900 1341 2248 1673 
878 839 705 698 839 598 570 570 524 496 481 463 519 687 691 811 834 967 1115 1147 956 1075 1417 1432 1261 1029 1050 955 955 868 850 832 766 569 577 585 627 684 713 751 761 794 840 1318 894 1550 1089 1527 
876 817 1339 744 631 609 583 583 547 465 458 452 488 662 698 761 820 1247 1271 1112 1097 1438 1424 1018 1275 947 960 881 881 847 795 775 760 748 792 707 726 737 728 716 750 794 840 887 854 888 958 1306 
1267 1196 1168 1116 809 606 562 562 536 529 486 420 403 645 659 753 822 832 880 954 1383 1478 1432 980 912 872 888 839 839 806 773 713 705 567 601 635 642 722 729 718 861 799 1059 1247 823 807 1246 1196 
1262 859 1144 1091 619 589 558 558 510 492 471 401 416 615 674 740 790 819 863 918 1108 1429 1067 917 865 845 863 847 847 811 772 730 708 550 567 578 631 751 709 663 770 799 1096 1110 1094 785 850 1153 
2282 987 823 700 629 585 554 554 511 503 469 465 484 614 706 729 770 804 852 908 1413 1399 982 888 861 853 1065 837 837 803 756 723 705 540 562 556 588 630 646 681 715 752 777 1067 1142 1129 1133 1141 
2723 873 763 690 656 611 556 556 526 494 472 640 665 652 708 696 717 765 815 876 1345 1350 1020 883 876 968 806 1136 1136 788 732 693 680 551 897 581 564 563 572 641 678 713 700 800 780 1110 1133 1141 
2691 1288 814 1186 884 591 555 555 531 495 475 839 870 667 725 704 742 765 797 854 1281 1293 883 865 843 807 781 760 760 747 704 678 684 623 557 527 526 525 534 569 608 636 671 800 780 1110 1113 980 
2564 1610 1163 1178 903 588 558 558 523 501 480 822 1031 688 741 753 766 780 808 985 1254 866 831 820 795 767 727 714 714 688 658 649 653 587 546 546 516 508 514 537 608 636 671 701 714 777 734 736 
2564 1610 1163 1178 903 588 558 558 523 501 480 822 1031 688 741 753 766 780 808 985 1254 866 831 820 795 767 727 714 714 688 658 649 653 587 546 546 516 508 514 537 608 636 671 701 714 777 734 736 
955 1257 797 694 796 581 551 551 525 505 489 740 889 723 770 772 800 790 830 1261 1212 769 746 757 643 708 703 693 693 669 654 550 505 956 982 545 505 508 522 537 573 620 649 670 690 713 734 693 
796 735 703 656 609 575 548 548 532 570 563 597 745 830 801 806 820 869 1028 1290 1230 363 285 242 207 672 674 639 639 626 635 552 483 1120 982 545 505 513 484 496 548 577 623 675 690 687 711 673 
746 694 653 622 580 553 538 538 555 589 976 566 940 806 805 765 788 777 747 932 490 337 280 239 202 257 240 198 198 344 455 552 483 1120 637 537 513 499 476 481 558 566 582 652 1099 674 652 639 
731 673 614 591 557 542 531 531 551 562 769 803 1123 831 818 315 276 322 536 800 762 336 285 241 204 146 124 198 198 344 455 434 459 470 514 489 469 467 431 437 510 544 563 632 787 658 643 701 
696 630 566 519 520 529 517 517 555 763 626 906 1298 736 548 276 272 321 536 800 592 333 283 240 204 146 124 104 104 337 438 430 426 424 450 442 444 430 399 412 464 517 531 560 578 602 596 715 
639 601 540 494 507 513 508 508 521 550 580 553 138 163 192 227 266 311 352 604 343 333 283 240 172 146 123 104 104 254 415 414 398 407 391 390 383 359 373 388 412 453 487 497 499 597 686 711 
601 547 492 464 478 494 488 488 486 475 452 464 134 158 184 214 248 280 352 604 343 305 268 231 168 143 121 103 103 211 385 376 366 362 373 351 343 353 358 366 383 414 420 431 456 579 672 706 
552 490 448 436 440 449 463 463 453 443 79 93 127 148 171 214 248 280 314 329 306 272 241 213 159 137 116 99 99 85 361 365 360 351 344 340 338 334 328 353 363 374 371 468 524 613 650 712 
532 457 426 408 389 376 372 372 140 132 75 88 127 148 171 196 221 249 271 279 267 241 214 191 148 127 110 94 94 82 413 426 372 361 355 355 345 332 317 320 341 349 360 437 539 630 665 728 
526 473 412 383 366 349 344 344 67 132 75 102 118 136 155 175 197 217 232 237 229 212 191 151 134 117 102 94 94 95 424 427 360 348 385 365 375 384 374 361 330 398 441 485 543 629 700 736 
506 477 444 380 347 349 344 344 67 61 70 94 108 123 138 155 173 187 197 200 195 184 168 134 119 106 107 382 382 403 423 426 432 422 414 403 421 395 393 390 333 436 475 505 553 651 681 729 
475 454 444 380 347 333 330 330 60 56 64 85 97 109 123 137 150 383 167 169 166 158 147 120 319 116 125 443 443 449 441 447 443 426 434 427 421 418 408 398 412 451 506 528 556 661 719 714 
475 454 446 402 347 322 312 312 54 51 59 77 86 97 108 119 129 418 142 143 141 135 130 128 129 201 142 408 408 452 453 453 462 451 449 442 441 427 423 405 417 457 501 531 578 648 768 744 
486 757 428 416 354 230 54 54 47 46 61 68 77 86 95 103 111 117 121 124 126 136 145 151 151 219 387 432 432 468 489 485 499 475 465 486 470 464 454 445 432 445 529 573 635 700 756 828 
361 430 414 401 373 187 49 49 43 42 54 61 68 74 82 89 97 109 122 144 147 158 190 178 178 543 878 493 493 507 522 531 515 501 496 525 506 504 495 465 443 449 553 596 662 787 1364 965 
343 380 351 323 308 198 45 45 39 37 47 53 62 71 82 94 108 123 138 171 170 183 840 211 211 457 584 559 559 556 560 580 546 536 532 545 559 543 525 522 483 489 524 570 836 1158 869 884 
336 317 303 302 293 194 41 41 35 36 49 57 66 76 89 103 119 137 155 174 195 213 397 249 249 514 604 626 626 641 655 642 614 597 609 606 624 605 605 571 585 580 599 627 766 911 912 913 
312 291 280 232 79 42 37 37 33 37 52 61 71 82 95 111 129 150 172 196 220 246 286 294 294 419 674 698 698 722 751 743 707 670 673 679 684 657 640 640 626 650 659 706 833 929 952 955 
293 275 268 213 43 38 33 33 33 47 55 64 75 88 102 120 139 161 187 217 248 309 332 348 380 516 775 809 809 822 852 829 776 734 741 751 759 733 724 696 675 724 740 770 1087 929 952 955 
290 272 262 220 38 34 31 31 34 47 56 66 78 92 108 127 149 174 202 234 271 351 490 800 832 684 991 1051 1051 1324 1461 1285 1212 900 783 752 736 1162 749 741 730 724 740 770 1087 957 990 1012 
290 272 262 220 38 34 31 31 34 47 56 66 78 92 108 127 149 174 202 234 271 351 490 800 832 684 991 1051 1051 1324 1461 1285 1212 900 783 752 736 1162 749 741 730 724 740 770 1087 957 990 1012 
311 288 271 249 34 30 29 29 34 49 57 68 80 95 112 132 155 183 215 252 292 705 800 800 832 986 1552 1602 1602 1618 1625 1455 1354 1176 839 754 810 1019 749 741 730 774 787 1280 1206 882 1006 1050 
310 293 267 246 32 28 30 30 35 49 58 69 81 95 113 133 158 186 221 261 307 798 800 800 801 829 1594 1388 1388 1666 1016 1154 1132 803 1238 754 810 1019 772 773 785 847 870 1208 901 924 1166 1175 
304 290 209 186 31 27 30 30 42 49 58 68 80 95 113 133 157 186 219 258 302 705 800 800 777 479 941 1302 1302 1853 1496 953 1132 803 1238 805 827 765 798 781 843 879 894 954 1517 1372 2240 2250 
303 275 39 34 29 26 30 30 42 49 58 68 81 95 113 133 157 186 220 259 354 736 800 800 458 423 1314 1495 1495 1853 1496 953 895 1337 1359 1080 791 837 872 881 923 949 1377 1435 1471 1616 2092 1714 
