data_maxent/NDVI 01.asc
ncols         48
nrows         56
xllcorner     293035.91052102
yllcorner     3212444.7030503
cellsize      500
NODATA_value  -9999
4545 4312 4109 3989 3925 3844 3759 3565 3357 3126 3134 3505 3845 4123 4467 4883 5219 5510 5881 6276 6175 6022 5733 5434 5097 5001 5001 5324 5273 4866 4568 4327 4533 4848 5206 5537 5585 5654 5785 5825 5722 5398 4884 4414 3965 4146 4454 4970 
4728 4651 4437 4132 4039 4018 3759 3472 3194 3065 3385 3755 4022 4435 5004 5303 5444 5718 6029 6072 6072 6055 5553 5115 4906 5020 5696 5897 5645 5118 4449 4259 4187 4826 5381 4828 4532 5028 5371 5477 5259 4762 4284 3815 4033 4389 4999 5585 
5448 5110 4449 4304 4332 3969 3570 3352 3289 3888 4010 4330 4690 5090 5090 5471 5840 5804 5652 5796 5917 5431 5018 4870 5010 5653 5969 5973 5485 4742 4374 4098 4650 5138 4656 4406 4866 5238 5471 5341 4901 4407 3889 3991 4218 4869 5500 5927 
5158 4927 4849 4822 4355 3848 3548 3364 3364 3670 4421 4824 5074 5160 5677 6445 6004 5216 5442 5703 5335 5022 4903 4986 5421 5790 6097 5769 5112 4665 4269 4566 4855 4750 4730 4975 5250 5573 5524 5157 4644 4065 3982 3999 4668 5319 5751 6003 
5437 5449 5348 5348 4777 4161 3753 3410 3346 3329 4222 4366 4386 4736 5279 5369 5329 5569 5794 5513 5290 5277 5426 5859 6186 6414 6187 5725 5209 4681 4653 4671 4879 5087 5300 5495 5663 5629 5422 4900 4233 4198 4290 4627 4981 5419 5726 5685 
5328 5420 5457 4976 4441 4034 3661 3435 3334 3476 3442 3444 3567 3762 4569 5551 5792 5946 5745 5612 5719 5958 6430 6697 6769 6631 6385 5803 5141 4774 4507 5014 5451 5668 5786 5750 5718 5689 5159 4400 4458 4682 4618 4612 5056 5439 5661 5668 
5396 5531 5147 4706 4314 3928 3569 3388 3555 3611 3480 3498 3554 4163 4930 5382 5773 5689 5600 5493 5632 6202 6615 6877 6678 6238 5781 5319 4962 4647 4655 4719 4958 5117 5153 5255 5415 5088 4537 4316 4162 4381 4633 5062 5358 5300 5172 4949 
5414 5152 4867 4573 4273 3953 3695 3557 3563 3724 3768 3434 3818 4328 4987 5614 5645 5612 5345 5365 5887 6368 6810 6594 6035 5724 5473 5125 4769 4386 4149 4367 4527 4595 4797 5111 4988 4663 4225 3763 4186 4625 5042 5042 5275 5015 4810 4683 
5234 5033 4813 4587 4331 4033 3652 3547 3735 3858 3943 3839 3967 4775 5587 5722 5825 5812 5611 5082 5080 5581 5674 5556 5518 5499 5103 4735 4798 4824 4734 4600 4399 4434 4671 4731 4711 4711 4527 4309 4307 4364 4799 5154 5293 5429 5559 5571 
5209 5006 4817 4693 4454 3993 3612 3317 3457 3852 3971 3772 4548 5352 5585 5814 6033 5751 4594 4222 4599 4821 4962 5125 5295 4989 4732 5150 5401 5138 4821 4821 4421 4270 4331 4429 4544 4557 4549 4231 3995 4382 4799 5296 5738 6105 6111 5840 
5193 4990 4807 4539 4106 3609 3045 3090 3492 3800 4081 4279 4566 4881 5213 5605 5611 4943 4500 4273 4144 4065 4241 4479 4629 4629 4812 5344 5725 5642 5430 5019 4630 4258 4005 3808 3870 3986 3637 3343 3507 3828 4570 5232 5784 6031 6044 5860 
5084 4582 4162 3905 3512 2973 2770 2763 3267 3917 4305 4270 4532 4841 5318 5529 5276 4861 4292 4292 3974 3786 3950 4199 4605 5019 5433 5776 5902 5829 5448 4917 4258 3838 3529 3610 3770 3401 3077 3147 3388 4082 4740 5345 5732 5951 5904 5748 
4347 4007 3847 3521 3017 2741 2597 3077 3735 4156 4550 4670 4783 4783 5224 5526 5588 5337 4786 4501 4354 4471 4652 5043 5403 5378 5451 5828 5941 5643 5104 4358 4024 3878 3933 4029 3655 3338 3494 3674 3922 4266 4744 5132 5452 5735 6003 6165 
4020 3897 3610 3149 2932 2859 3147 3147 3540 3798 4093 5018 5075 5161 5281 5459 5434 5216 4983 4744 4801 4931 5358 5745 5635 5606 5826 5929 5850 5438 4740 4349 4100 4259 4501 4219 3981 4124 4229 4232 4365 4676 4920 5113 5552 6089 6329 6521 
3530 3530 3399 3256 3191 3171 3318 3512 3734 3999 4789 5356 5122 4851 4994 5244 5597 5432 4999 4987 5077 5579 6057 6130 6124 5877 5822 6068 5885 5335 4781 4225 4586 5133 5019 4914 4971 4989 4901 4899 5013 5004 4898 5358 6045 6433 6769 6759 
2998 3067 3353 3475 3503 3528 3552 3788 4049 4396 4751 5137 4991 5040 5122 5234 5127 4906 4932 5017 5353 5686 5886 6034 6024 6116 6364 6223 5748 5275 4803 4998 5328 5446 5557 5652 5699 5615 5530 5441 5327 5195 5565 6137 6449 6716 6699 6662 
3925 3883 3913 3986 3981 3955 4101 4258 4362 4524 4895 5231 5290 5026 4574 4521 4675 4780 4874 4949 5045 5347 5700 6210 6568 6692 6518 6089 5794 5562 5444 5349 5726 6086 6268 6389 6348 6200 5904 5747 5696 5932 6284 6430 6542 6534 6516 6437 
4481 4376 4493 4475 4419 4458 4493 4388 4360 4614 5025 5709 5374 4854 4538 4327 4698 5211 5323 5429 5674 5961 6375 6615 6585 6386 6042 5817 5646 5527 5418 5873 6312 6557 6713 6636 6476 6198 5961 5754 5889 5889 6163 6337 6493 6544 6570 6464 
4932 5037 5120 5196 5021 4827 4656 4523 4527 4719 5237 5392 5280 4654 3965 4631 5626 5821 5976 6137 6314 6535 6596 6408 6185 5933 5759 5621 5550 5492 5995 6484 6787 6974 6851 6851 6686 6464 6141 5741 5781 5999 6230 6463 6579 6654 6506 6358 
5412 5613 5842 5530 5184 4950 4726 4534 4531 4854 5067 5174 4923 4154 5010 6217 6276 6279 6300 6360 6535 6533 6256 6045 5889 5715 5531 5457 5404 5404 5700 6008 6347 6614 6690 6647 6440 6127 5732 5665 5731 6003 6309 6344 6368 6324 6256 6132 
5283 5770 5748 5670 5385 5143 5053 4986 4960 5109 5426 5558 5595 5375 6587 6547 6450 6410 6415 6555 6509 6172 5964 5964 5866 5681 5458 5393 5359 5501 5672 6014 6328 6569 6618 6403 6103 5738 5597 5547 5837 6181 6167 6159 6177 6166 6085 5908 
5617 5838 5995 5770 5594 5600 5520 5293 5382 5772 6152 6527 6008 5752 5816 5905 6232 6232 6521 6690 6700 6462 6213 5953 5710 5476 5490 5554 5829 6095 6266 6450 6669 6646 6287 6021 5826 5791 5821 6001 6205 6302 6363 6222 6139 6192 6090 5797 
5630 5949 6037 6125 6211 6235 6150 6186 6337 6650 7047 7047 6450 5272 5360 5529 6069 6524 6717 6777 6630 6373 6024 5756 5526 5586 5705 6084 6430 6504 6600 6751 6633 6141 5872 5775 5841 5973 6108 6245 6419 6534 6321 6211 6342 6279 5974 5712 
5571 5867 6131 6276 6380 6380 6411 6461 6528 6821 7232 6843 6260 5537 5543 5940 6291 6497 6592 6513 6330 6056 5840 5651 5680 5753 6172 6564 6711 6812 6789 6523 5923 5569 5405 5559 5840 6085 6324 6494 6625 6545 6513 6593 6481 6132 5772 5406 
4784 5160 5493 5670 5824 5940 6086 6261 6593 7006 7174 7281 6071 5369 5727 6041 6221 6363 6448 6391 6211 5992 5756 5763 5819 6221 6600 6771 6881 6827 6562 6003 5661 5486 5616 5869 6148 6430 6583 6713 6715 6732 6784 6647 6277 5901 5520 5518 
4409 4674 4890 5057 5140 5339 5649 6120 6676 7083 7454 6217 5071 5512 5771 5876 6082 6446 6580 6517 6228 5835 5832 5907 6221 6517 6652 6776 6867 6781 6448 6237 6119 6090 6098 6316 6568 6689 6795 6819 6851 6902 6769 6407 6113 5866 5736 5648 
3731 3992 4147 4117 4340 4803 5482 6273 6706 7051 6258 5527 5901 6221 5975 6128 6357 6492 6545 6347 6033 5995 6012 6263 6497 6579 6704 6947 7011 6827 6651 6481 6300 6115 6295 6535 6664 6782 6831 6877 6915 6806 6516 6254 6011 6011 5861 5744 
3614 3584 3694 4060 4670 5290 5916 6249 6510 6186 5892 6151 6371 6472 6397 6210 6214 6383 6385 6311 6222 6129 6334 6520 6536 6656 7054 7248 7160 6954 6658 6330 5988 6146 6386 6552 6704 6782 6841 6841 6856 6785 6610 6346 6020 5922 5905 6153 
3141 3478 4030 4785 5254 5574 5763 5921 6075 6225 6352 6451 6462 6335 6096 5996 6078 6255 6475 6457 6392 6545 6660 6479 6454 6844 7088 7129 6969 6653 6234 5774 6049 6049 6442 6582 6709 6767 6845 6968 6942 6733 6507 6271 6179 6138 6409 6712 
3398 3818 4459 4903 5244 5527 5796 6083 6348 6407 6439 6382 6233 5941 5797 5723 6066 6600 6696 6704 6805 6841 6418 6199 6524 6790 6790 6973 6884 6585 6096 5529 5969 6570 6662 6744 6765 6862 7139 7161 6865 6693 6606 6504 6397 6657 6958 7066 
3601 4107 4542 4942 5335 5726 6102 6440 6446 6422 6308 6143 5900 5830 5790 6053 6442 6714 6963 6926 6926 6859 6633 6509 6659 6698 6582 6521 6499 6073 5482 5698 6043 6152 6284 6541 6750 6846 6859 6768 6691 6623 6524 6414 6469 6543 6586 6580 
4530 4991 5328 5473 5572 6017 6444 6545 6624 6633 6463 6015 5860 5954 5954 6059 6246 6695 7198 7023 6858 6875 6878 6845 6636 6185 6144 6420 6074 5477 5420 5452 5598 5799 6310 6633 6514 6509 6645 6664 6602 6511 6409 6240 6067 6030 6048 6318 
5253 5594 5592 5507 5987 6463 6637 6796 6796 6910 6756 6187 5955 6012 5895 5941 6417 6994 6944 6892 6920 6926 6875 6707 6375 6345 6549 6328 5935 5635 5355 5831 6285 6612 6807 6692 6625 6618 6616 6618 6618 6618 6396 6151 6007 5920 6099 6231 
5322 5623 5623 5841 6201 6547 6692 6836 6974 6932 6610 6342 6121 5923 5735 6148 6729 6797 6854 6910 6936 6882 6739 6474 6405 6489 6388 6214 5765 5277 5981 6608 6811 6921 6813 6704 6591 6576 6627 6696 6772 6540 6271 6055 5894 5985 6011 5900 
5100 5610 6045 6393 6714 6832 6957 7098 7125 6975 6747 6451 6138 5818 5735 6189 6342 6494 6657 6777 6784 6604 6166 5833 5580 5587 5698 5515 5287 5758 6209 6549 6763 6682 6616 6568 6570 6608 6646 6685 6628 6556 6427 6324 6344 6229 5837 5680 
5508 5987 6538 7048 7144 7241 7343 7354 7224 7188 7230 6736 5996 5620 5318 5956 6214 6450 6637 6697 6546 6105 5680 5267 5232 5348 5285 5195 5571 5951 6347 6602 6526 6498 6528 6571 6624 6625 6607 6603 6601 6567 6552 6628 6503 5963 5639 5556 
5654 6262 6844 7081 7287 7399 7429 7332 7359 7492 7051 6345 5808 5305 5550 6099 6336 6535 6630 6643 6544 6380 6168 5787 5338 5096 4893 5457 5978 6266 6434 6321 6319 6454 6584 6711 6660 6547 6352 6156 6233 6367 6367 6760 6889 6473 6115 5820 
5521 6049 6606 7070 7248 7335 7283 7233 7185 7053 6882 6330 5700 5480 5337 5675 6329 6508 6660 6776 6752 6619 6157 5563 5225 4933 5306 5664 5943 6138 6134 6242 6488 6636 6716 6671 6671 6582 6339 6085 6100 6183 6573 6751 6492 6241 5998 5549 
5816 6384 6858 7041 7113 7012 6920 6837 6926 7096 6801 6414 6163 5977 6219 6307 6324 6589 6782 6761 6576 6324 6046 5703 5350 5115 4975 5355 5702 5702 5968 6278 6641 6730 6631 6654 6720 6587 6426 6187 5998 6034 6037 5971 5983 6080 6133 6158 
6316 6649 6802 6814 6607 6494 6462 6721 7113 7243 7319 7303 7293 7338 6982 5554 5810 5835 5928 6072 6052 5966 5355 5355 4660 4522 4486 5015 5516 5948 6323 6627 6666 6522 6456 6417 6322 6215 5979 5773 5701 5632 5573 5634 5828 6054 6299 6191 
6665 6834 6898 6799 6753 6753 6936 7204 7226 7197 7375 7533 7517 7184 6004 4967 4310 4310 4584 5291 5515 5546 4506 3300 3684 4117 4825 5481 6015 6372 6511 6505 6399 6148 5845 5745 5670 5593 5523 5490 5415 5251 5231 5373 5574 5809 6043 6276 
6948 7097 7169 7216 7241 7277 7317 7071 6768 7128 7450 7450 7415 7245 6718 5802 4129 3983 4369 4521 4578 3666 2605 3176 3743 4285 4853 5482 5673 5320 5360 5668 5793 5853 5551 5219 5377 5484 5363 5220 5031 4794 4506 4872 5639 6148 6580 6598 
7124 7050 7080 7199 7252 7252 7274 7032 6736 6731 6770 7076 7200 6839 6276 5436 3605 3406 3389 3447 2828 2108 2767 3368 3641 4048 4770 4749 3808 3920 4755 5424 6034 5472 4797 5211 5507 5260 5032 4841 4347 3514 4104 5564 6329 6883 6801 6650 
7140 6915 6924 7132 7212 7233 7025 6771 6384 6121 6744 7123 6852 6633 6489 6243 5920 4504 4467 4070 3612 2934 2425 2853 3289 3746 3948 3833 3642 3399 3764 4342 4244 4088 4776 5296 5049 4843 4720 4384 3811 4221 5234 5307 5094 5416 5771 5871 
7208 7280 7427 7451 7417 7347 7269 6984 6742 6824 6709 6070 5744 5852 5846 5753 5797 5624 5437 5229 3257 1675 2257 2719 2899 3327 4062 3565 2223 2198 2636 2977 3328 4294 5040 4781 4595 4557 4424 4185 4403 4899 4285 3333 4059 4916 5363 5710 
7445 7562 7588 7573 7611 7660 7482 7284 6978 6519 5650 5247 5492 5634 5695 5915 6199 5859 5796 5105 4544 4702 4877 5094 5219 5228 4895 4326 3785 3255 2704 2212 3482 4415 3809 3467 3665 3833 3970 4338 4848 4900 4814 5260 5710 5710 5449 5223 
7092 7344 7619 7658 7649 7593 7529 7412 7170 6593 6233 6176 6114 6047 6273 6616 6527 6266 6549 6762 6587 6539 6784 6693 6183 5967 5952 5101 3957 2890 1911 3201 4115 3315 2886 3222 3563 3910 3910 4260 4611 5164 5778 6049 6230 5506 4908 4791 
7034 7473 7591 7644 7517 7420 7558 7596 7367 7131 6885 6629 6365 6519 6842 6681 6442 6466 6524 6370 6334 6574 6593 6338 6067 5785 5397 4972 4804 4681 4922 5044 5044 4618 4366 4471 4496 4431 4126 3674 4103 4799 5289 5716 5453 5235 5191 5242 
6982 7321 7652 7104 6673 7185 7617 7837 7870 7641 7208 6620 6565 6726 6614 6458 6421 6367 6207 6154 6350 6457 6453 6254 5922 5922 5825 5811 6108 6422 6046 5716 5598 5503 5456 5271 4933 4337 3584 3793 4294 4869 5421 5492 5544 5530 5557 5659 
7036 7332 6751 6306 6936 7502 7896 7955 7549 7110 6646 6538 6572 6522 6459 6526 6537 6234 6020 6020 6104 6257 6494 6598 6609 6493 6333 6313 6305 6091 5927 5993 6019 5965 5763 5398 5170 5024 4840 4644 5062 5519 5693 5819 5759 5809 6061 6279 
6689 6457 6312 6811 7254 7549 7395 6621 6344 6448 6437 6381 6406 6406 6446 6728 6902 6475 6002 5934 6055 6409 6654 6825 6720 6517 6329 6147 6069 6031 6177 6266 6238 6087 5796 5720 5775 5408 4913 5300 5751 5896 6014 6029 6104 6288 6463 6629 
6443 6342 6775 7162 7423 7304 6656 6656 6515 6761 6666 6432 6266 6115 6452 6713 6554 6339 5841 5852 6197 6427 6577 6511 6368 6158 5948 5980 6029 6152 6246 6281 6244 6127 5992 5846 5503 5101 5584 6114 6099 6130 6341 6442 6342 6381 6558 6662 
6384 6384 6788 7154 7417 7463 7209 7189 7351 7072 6615 6115 5613 5918 6226 6546 6656 6276 5884 6068 6237 6395 6400 6350 6113 5862 5889 5919 5970 6030 6110 6162 6185 6143 6062 5789 5458 5799 6184 6268 6372 6552 6604 6421 6401 6544 6612 6639 
6522 6617 6775 7105 7316 7362 7349 7290 7100 6856 6569 6277 6465 6670 6968 7101 6850 6598 5984 6068 6249 6342 6404 6137 5837 5795 5752 5702 5707 5823 5951 6095 6228 6356 6177 5905 5977 6096 6420 6682 6709 6671 6513 6477 6560 6544 6473 6349 
6398 6302 6715 7091 7414 7377 7064 7032 7113 7177 7238 7288 7353 7500 7579 7498 7257 6819 6094 5846 5767 5747 5681 5614 5710 5788 5779 5720 5558 5571 5777 5917 6015 6076 6126 6118 6123 6386 6586 6542 6438 6223 6145 6204 6175 6098 5987 5987 
6712 6865 7050 7278 7267 7075 6973 6908 6998 7113 7194 7264 7279 7305 7355 7220 6856 6281 5561 5060 4909 5102 5340 5627 5875 5944 5820 5300 5147 5401 5504 5512 5851 6289 6250 6179 6305 6386 6293 6130 6130 5835 5710 5753 5729 5668 5591 5510 
