data_maxent/NDVI 07.asc
ncols         48
nrows         56
xllcorner     293035.91052102
yllcorner     3212444.7030503
cellsize      500
NODATA_value  -9999
8171 7917 7700 7657 7728 7756 7769 7315 6841 7190 7705 7907 7974 7778 7921 8425 8661 8738 8743 8727 8773 8823 8853 8879 8895 8879 8879 8812 8594 8234 8054 7968 8148 8392 8614 8808 8762 8705 8615 8474 8252 7809 7175 6856 6681 7348 8186 8413 
8189 7986 7872 7815 7817 7838 7405 6943 6989 7157 7912 8172 7933 8000 8392 8619 8750 8809 8849 8878 8878 8904 8889 8880 8886 8869 8813 8693 8513 8251 7948 8040 8227 8563 8876 8908 8895 8743 8546 8282 7725 6918 6591 6485 7206 8094 8351 8576 
8446 8249 7990 7909 7886 7449 6982 6877 6944 7740 8260 8146 8215 8479 8479 8654 8778 8849 8905 8942 8972 8916 8866 8841 8815 8788 8721 8615 8329 7948 7979 8109 8463 8800 8884 8918 8802 8625 8355 7867 7195 6743 6393 6982 7761 8157 8513 8647 
8581 8458 8334 8210 7890 7543 7087 6831 6831 7423 8297 8385 8492 8619 8723 8813 8876 8931 8988 9035 8937 8846 8780 8741 8751 8716 8638 8351 7955 7939 8014 8341 8660 8781 8864 8829 8706 8447 8112 7713 7085 6350 6723 7318 7904 8433 8573 8634 
8983 8825 8589 8589 8409 8207 7360 6737 7064 7380 8083 8205 8244 8380 8572 8739 8900 8943 8976 9002 9004 8919 8856 8830 8738 8582 8378 8150 8011 7893 7999 8133 8415 8637 8672 8599 8357 8106 7848 7233 6455 6653 7047 7631 8178 8432 8603 8552 
8756 8720 8667 8633 8569 7825 7179 6951 6934 7331 7807 7767 7955 8276 8570 8858 8880 8894 9075 9196 9099 9009 8933 8765 8509 8406 8381 8104 7767 7613 7529 7996 8375 8479 8454 8230 8050 7906 7343 6589 6621 6810 7355 7888 8278 8580 8647 8696 
8644 8738 8826 8883 8272 7643 6935 6595 6979 7299 7671 7790 7925 8199 8513 8622 8718 8864 8975 8961 8913 8806 8681 8540 8454 8396 8267 8121 7915 7729 7750 7774 7806 7798 7730 7718 7753 7456 7007 6597 6195 6861 7515 7926 8275 8454 8515 8414 
8786 8851 8913 8578 8186 7549 6985 6563 6628 7211 7501 7619 7849 8149 8350 8537 8655 8760 8819 8809 8679 8604 8583 8513 8420 8415 8433 8213 7970 7619 7340 7283 7257 7280 7384 7558 7496 7327 6584 5725 6413 7103 7568 7568 7984 8271 8360 8174 
8852 8925 8802 8600 8066 7389 6433 6197 6728 7122 7438 7667 7692 8004 8327 8496 8637 8680 8673 8576 8583 8689 8647 8528 8451 8385 8393 8389 8245 8079 7846 7567 7218 7070 7093 7035 6940 6940 6640 6298 6321 6442 7192 7837 8200 8418 8434 8528 
8894 8809 8673 8324 7831 7056 6399 5866 6094 6766 7090 7350 7710 8096 8350 8554 8578 8574 8519 8587 8770 8756 8638 8542 8450 8571 8691 8700 8628 8304 7887 7887 7324 6990 6853 6705 6551 6536 6549 6103 5813 6675 7445 7970 8364 8575 8700 8758 
8776 8685 8443 8066 7424 6519 5337 5501 6452 6967 7357 7555 7811 8241 8577 8572 8573 8582 8653 8784 8800 8757 8777 8812 8748 8748 8688 8707 8675 8488 8232 7871 7531 7210 6720 6154 6010 5952 5557 5270 5788 6412 7319 8011 8404 8659 8809 8821 
8613 8374 8019 7440 6528 5261 5504 6632 7156 7508 7731 7732 8134 8456 8493 8548 8635 8722 8807 8807 8830 8819 8898 8998 8825 8663 8723 8741 8634 8457 8172 7822 7415 6877 6279 6055 5907 5615 5388 5637 6077 7028 7769 8218 8538 8759 8847 8881 
8110 7837 7322 6550 5504 5714 6659 7192 7607 7895 8155 8030 8140 8140 8312 8489 8677 8794 8842 8838 8806 8863 8942 8765 8608 8751 8834 8730 8517 8136 7768 7412 7227 7119 6882 6619 6502 6413 6494 6698 7231 7679 8010 8304 8571 8739 8868 8914 
7551 7102 6583 5989 6080 6571 7111 7111 7666 8041 8385 8514 8210 8284 8400 8589 8722 8804 8814 8786 8831 8893 8719 8565 8702 8797 8763 8613 8283 7961 7646 7537 7521 7456 7380 7377 7375 7376 7434 7646 7842 8015 8220 8448 8637 8810 8838 8842 
7027 7027 6901 6811 6877 7034 7294 7585 7996 8393 8479 8521 8373 8288 8401 8543 8711 8766 8762 8800 8849 8684 8532 8594 8662 8750 8738 8570 8341 8060 7816 7588 7836 8179 8241 8289 8276 8257 8223 8198 8184 8249 8374 8538 8718 8725 8705 8733 
7010 7333 7767 7846 7716 7582 7447 7874 8312 8295 8307 8424 8377 8487 8571 8629 8582 8480 8629 8839 8771 8697 8706 8722 8762 8753 8670 8517 8305 8003 7660 7966 8403 8514 8596 8531 8459 8367 8314 8313 8373 8481 8611 8750 8727 8679 8656 8636 
8053 8244 8287 8243 8085 7895 8057 8237 8264 8323 8499 8666 8681 8681 8552 8344 8096 8402 8843 8906 8941 8906 8860 8783 8724 8695 8612 8483 8153 7732 7996 8398 8550 8661 8529 8413 8339 8334 8425 8535 8659 8751 8831 8775 8696 8556 8436 8424 
8641 8642 8742 8620 8436 8290 8165 8258 8375 8581 8773 8942 8818 8673 8524 8374 8536 8775 8740 8692 8643 8621 8685 8714 8692 8605 8464 8143 7738 7953 8292 8475 8627 8588 8537 8455 8458 8579 8669 8733 8795 8795 8855 8820 8769 8635 8515 8469 
8834 8895 8831 8732 8582 8433 8337 8268 8300 8417 8684 8823 8825 8771 8757 8728 8696 8529 8367 8309 8326 8569 8708 8684 8582 8414 8106 7733 7898 8172 8384 8578 8656 8688 8594 8594 8599 8739 8797 8790 8823 8870 8865 8851 8742 8638 8552 8446 
8994 9001 8984 8841 8682 8445 8236 8129 8175 8488 8707 8837 8906 8872 8882 8890 8678 8470 8405 8411 8632 8736 8658 8520 8329 8039 7703 7903 8211 8211 8413 8599 8694 8739 8655 8659 8788 8843 8841 8860 8888 8882 8870 8800 8713 8531 8349 8165 
8951 8994 8920 8835 8718 8614 8556 8548 8627 8692 8742 8765 8773 8986 9030 8802 8578 8507 8501 8693 8763 8646 8468 8468 8239 7979 7706 7920 8234 8437 8625 8724 8779 8713 8720 8829 8877 8880 8891 8906 8898 8886 8835 8754 8506 8273 8079 7960 
8965 8967 8951 8908 8872 8857 8826 8764 8713 8671 8635 8603 8667 8875 8799 8718 8643 8643 8618 8746 8790 8704 8473 8116 7957 7889 8006 8161 8430 8673 8717 8751 8759 8783 8829 8852 8855 8885 8925 8911 8887 8750 8610 8452 8309 8202 8058 7866 
8938 8983 8910 8855 8867 8880 8896 8821 8657 8535 8435 8435 8549 8755 8787 8806 8734 8697 8767 8789 8733 8483 8067 7983 8052 8079 8098 8417 8702 8699 8715 8782 8829 8848 8858 8861 8892 8935 8917 8888 8721 8565 8464 8376 8319 8167 7898 7828 
8826 8816 8812 8829 8861 8861 8918 8854 8673 8532 8412 8518 8678 8754 8777 8721 8686 8716 8723 8694 8508 8189 8121 8167 8121 8057 8392 8688 8659 8663 8755 8838 8908 8938 8936 8931 8924 8907 8888 8822 8747 8627 8515 8421 8305 8162 8080 8040 
8436 8605 8736 8733 8750 8805 8797 8727 8650 8569 8592 8639 8675 8747 8744 8738 8720 8707 8702 8575 8342 8243 8207 8195 8190 8469 8716 8691 8682 8715 8782 8896 8957 8978 8963 8934 8926 8921 8914 8890 8768 8636 8478 8346 8246 8187 8156 8156 
8013 8191 8163 8177 8263 8448 8729 8679 8458 8406 8395 8524 8658 8787 8866 8790 8751 8770 8692 8531 8347 8154 8309 8535 8673 8794 8812 8790 8660 8647 8796 8903 8977 8988 8972 8981 8994 8996 8982 8881 8734 8480 8269 8112 8116 8232 8285 8318 
7327 7273 7290 7428 7901 8694 8648 8165 8044 8012 8297 8581 8698 8803 8840 8824 8837 8772 8637 8441 8216 8400 8666 8782 8880 8878 8841 8712 8677 8774 8860 8936 8939 8913 8952 9000 9013 9011 8927 8791 8539 8313 8122 8119 8245 8245 8328 8396 
6873 6788 7183 7761 8514 8605 8353 8238 8156 8357 8559 8634 8690 8686 8915 8904 8825 8688 8528 8358 8475 8650 8826 8971 8906 8854 8836 8820 8807 8824 8866 8841 8791 8866 8961 8987 8997 8926 8821 8821 8637 8441 8230 8171 8217 8312 8425 8399 
6421 7142 7762 8283 8559 8707 8624 8484 8516 8556 8580 8563 8418 8449 8850 8845 8732 8633 8540 8545 8572 8703 8817 8802 8797 8815 8829 8839 8840 8836 8826 8815 8862 8862 8917 8903 8891 8892 8846 8690 8533 8377 8346 8400 8495 8603 8556 8488 
7190 7696 7981 8177 8326 8417 8493 8520 8543 8563 8560 8493 8525 8709 8853 8775 8745 8735 8615 8472 8521 8578 8653 8715 8744 8793 8793 8871 8874 8819 8840 8891 8886 8872 8800 8753 8846 8869 8727 8614 8538 8563 8657 8745 8832 8742 8633 8594 
7630 7699 7787 7884 8153 8465 8504 8528 8551 8576 8606 8638 8670 8658 8696 8686 8699 8632 8548 8554 8554 8578 8708 8812 8847 8884 8922 8819 8607 8692 8897 8914 8900 8875 8860 8896 8889 8777 8677 8593 8603 8680 8783 8896 8853 8790 8757 8720 
8191 8304 8267 8356 8475 8477 8485 8590 8656 8600 8579 8613 8638 8655 8655 8611 8640 8647 8650 8616 8607 8783 8923 8965 8984 8973 8758 8387 8535 8893 8939 8935 8968 8991 8957 8909 8828 8738 8635 8623 8673 8792 8934 8948 8945 8915 8892 8905 
8691 8606 8563 8530 8497 8484 8641 8730 8730 8612 8550 8576 8620 8680 8732 8714 8775 8841 8725 8630 8719 8805 8883 8932 8941 8826 8618 8692 8881 8901 8894 8939 8978 8978 8955 8881 8793 8688 8652 8663 8727 8810 8888 8961 8923 8903 8961 8934 
8745 8790 8790 8785 8725 8675 8742 8775 8702 8651 8631 8614 8599 8682 8810 8871 8970 8808 8662 8660 8688 8795 8866 8889 8869 8816 8826 8861 8860 8853 8912 8965 8988 8985 8919 8839 8740 8684 8657 8680 8721 8842 8967 8925 8906 8993 8955 8657 
8725 8859 8917 8863 8810 8820 8818 8780 8732 8669 8622 8589 8688 8847 8821 8818 8779 8731 8624 8574 8676 8739 8748 8796 8872 8856 8801 8804 8816 8888 8950 8953 8941 8894 8843 8786 8729 8673 8712 8786 8858 8926 8895 8877 8920 8857 8575 8538 
8605 8796 8816 8828 8849 8859 8832 8775 8673 8661 8726 8809 8900 8903 8889 8794 8805 8626 8515 8582 8631 8654 8746 8891 8875 8794 8784 8787 8868 8936 8931 8921 8901 8876 8844 8781 8696 8731 8808 8853 8891 8865 8850 8882 8829 8600 8590 8822 
8756 8785 8803 8815 8817 8792 8745 8664 8695 8824 8888 8924 8933 8937 8960 8888 8707 8569 8540 8563 8654 8745 8835 8875 8894 8840 8775 8855 8924 8936 8950 8972 8967 8928 8846 8734 8722 8745 8806 8868 8835 8824 8824 8915 8943 8842 8795 8807 
8770 8730 8709 8686 8652 8634 8640 8726 8880 8923 8915 8905 8895 8970 9022 8902 8658 8570 8562 8665 8738 8790 8853 8922 8884 8830 8893 8945 8932 8932 8967 8962 8910 8835 8744 8714 8714 8705 8780 8862 8840 8832 8887 8915 8887 8826 8730 8707 
8722 8678 8629 8566 8543 8584 8680 8826 8886 8907 8897 8880 8950 9008 8967 8916 8678 8636 8686 8725 8757 8809 8870 8915 8957 8988 9001 8917 8862 8862 8878 8853 8779 8739 8722 8707 8692 8778 8874 8885 8879 8793 8731 8715 8668 8585 8592 8653 
8690 8617 8512 8464 8507 8590 8705 8806 8900 8901 8884 8914 8948 9007 9046 9033 8796 8797 8793 8786 8807 8841 8929 8929 9026 8993 8957 8904 8862 8844 8803 8732 8699 8691 8723 8769 8834 8900 8899 8879 8774 8712 8739 8724 8661 8673 8730 8667 
8661 8559 8499 8506 8562 8660 8755 8847 8870 8878 8896 8915 8943 8966 8976 8971 8963 8963 8911 8853 8831 8825 8934 9060 8945 8853 8894 8904 8844 8788 8736 8693 8655 8753 8900 8925 8934 8893 8851 8798 8792 8882 8910 8870 8872 8900 8697 8425 
8636 8569 8528 8554 8637 8711 8781 8828 8871 8884 8889 8889 8847 8822 8843 8861 8946 8933 8930 8921 8910 8973 9047 8953 8872 8864 8844 8794 8747 8704 8682 8675 8763 8885 8931 8965 8904 8855 8861 8878 8917 8941 8948 8853 8694 8609 8548 8718 
8586 8575 8609 8681 8748 8748 8813 8889 8968 8933 8900 8895 8888 8879 8874 8875 8927 9010 9031 9026 9023 9020 8978 8928 8829 8752 8728 8698 8661 8671 8713 8767 8826 8911 8995 8919 8869 8935 8965 8920 8926 8988 8767 8375 8486 8750 8854 8934 
8591 8620 8667 8730 8790 8849 8948 9056 8980 8915 8954 8971 8929 8898 8884 8857 8820 8886 8830 8865 8914 8927 8921 8804 8738 8787 8812 8808 8749 8653 8634 8644 8759 8883 8872 8862 8858 8859 8870 8872 8864 8743 8551 8636 8804 8846 8870 8813 
8587 8679 8761 8801 8821 8845 8869 8904 8941 8989 9012 8967 8938 8929 8900 8856 8827 8631 8701 8799 8866 8904 8782 8733 8850 8929 8957 8829 8594 8504 8466 8608 8770 8827 8860 8781 8752 8828 8827 8741 8726 8755 8793 8835 8819 8796 8741 8711 
8659 8768 8797 8790 8759 8724 8841 8952 9004 9032 8995 8966 8950 8920 8879 8895 8933 8738 8665 8757 8829 8782 8767 8829 8870 8885 8814 8683 8599 8532 8668 8828 8901 8951 8897 8886 8960 8949 8843 8759 8687 8699 8735 8727 8703 8703 8513 8379 
8682 8738 8744 8742 8738 8823 8904 8942 8971 8979 8952 8878 8849 8854 8872 8894 8774 8571 8676 8769 8792 8813 8827 8833 8827 8808 8779 8703 8610 8722 8858 8922 8972 8957 8972 9045 9033 8927 8927 8797 8652 8627 8637 8644 8634 8371 8181 8267 
8647 8668 8688 8709 8745 8780 8802 8825 8851 8839 8772 8759 8786 8806 8824 8759 8682 8700 8769 8845 8899 8902 8879 8824 8838 8901 8840 8735 8752 8782 8747 8732 8732 8807 8880 8951 8973 8943 8858 8739 8640 8547 8597 8651 8554 8485 8520 8564 
8536 8569 8602 8557 8518 8522 8524 8523 8547 8603 8633 8641 8665 8695 8705 8711 8742 8770 8854 8921 8947 8930 8859 8892 8997 8997 8947 8843 8807 8776 8621 8521 8670 8788 8844 8886 8913 8874 8796 8658 8502 8570 8651 8614 8595 8650 8676 8648 
8467 8465 8394 8336 8370 8358 8228 8224 8393 8476 8493 8491 8480 8487 8497 8600 8693 8722 8825 8825 8939 8990 8964 8988 9046 9001 8918 8909 8898 8585 8364 8559 8697 8718 8751 8798 8809 8799 8686 8541 8580 8622 8450 8356 8560 8701 8729 8760 
8298 8256 8234 8344 8326 7966 7870 8142 8289 8342 8283 8179 8108 8108 8044 8301 8540 8674 8782 8911 8983 8984 9015 9068 9030 8961 8926 8886 8584 8356 8458 8533 8553 8622 8747 8768 8725 8669 8609 8618 8623 8462 8379 8595 8751 8801 8830 8838 
8275 8214 8374 8408 8106 7995 8149 8149 8244 8294 8252 8173 8070 7966 8206 8432 8588 8721 8864 8909 8919 8974 9062 9037 8972 8860 8742 8619 8495 8367 8298 8351 8502 8761 8750 8574 8608 8705 8685 8655 8648 8661 8754 8827 8864 8874 8856 8796 
8239 8239 8434 8552 8463 8378 8295 8274 8300 8315 8326 8217 8090 8219 8349 8482 8611 8727 8845 8848 8909 9011 9008 8969 8888 8803 8764 8702 8534 8413 8388 8477 8691 8698 8578 8640 8756 8753 8740 8740 8747 8780 8816 8856 8859 8826 8724 8583 
8405 8521 8597 8561 8498 8400 8338 8304 8330 8381 8308 8216 8284 8361 8487 8596 8668 8721 8774 8831 8934 8961 8960 8966 8973 8967 8944 8840 8718 8554 8503 8576 8627 8665 8721 8782 8823 8855 8782 8727 8735 8758 8809 8814 8772 8607 8375 8217 
8616 8616 8591 8552 8494 8410 8306 8333 8412 8385 8342 8362 8397 8519 8606 8612 8654 8739 8801 8866 8922 8975 8961 8940 8962 8973 8934 8841 8638 8543 8570 8595 8619 8639 8657 8725 8793 8777 8756 8719 8653 8535 8487 8507 8404 8234 8174 8174 
8645 8644 8595 8482 8409 8369 8295 8206 8279 8379 8460 8539 8600 8643 8644 8662 8702 8720 8723 8885 8995 8934 8855 8904 8948 8973 8918 8700 8588 8592 8573 8540 8515 8493 8586 8687 8759 8798 8710 8536 8536 8204 8088 8188 8179 8110 8202 8336 
