data_maxent/Road.asc
ncols         48
nrows         56
xllcorner     293035.91052102
yllcorner     3212444.7030503
cellsize      500
NODATA_value  -9999
500 0 0 0 500 0 500 0 0 0 0 0 0 500 0 500 1000 1500 1802.776 1581.139 1500 1500 1581.139 1581.139 1118.034 707.1068 500 500 0 0 0 0 0 0 0 0 0 0 0 0 0 0 0 0 500 0 0 0 
707.1068 500 0 0 0 0 500 0 0 0 0 0 0 0 0 500 1000 1500 2000 2061.553 2000 2000 2000 1500 1000 500 0 0 0 0 0 0 500 0 0 0 500 0 0 500 0 0 0 500 500 0 0 500 
707.1068 500 0 0 0 0 0 0 0 500 500 0 0 0 500 707.1068 1118.034 1581.139 2061.553 2549.51 2500 2500 2061.553 1581.139 1118.034 707.1068 500 0 0 0 0 0 500 500 500 500 707.1068 500 0 500 0 0 0 0 0 0 0 0 
500 0 0 0 0 0 0 500 0 0 500 500 0 0 500 1000 1414.214 1802.776 2121.32 2500 2915.476 2692.583 2236.068 1802.776 1414.214 1118.034 707.1068 500 0 0 0 0 500 1000 707.1068 500 500 0 0 0 0 0 0 0 0 500 0 0 
500 0 500 0 0 0 0 0 0 0 500 0 0 0 500 1000 1118.034 1414.214 1802.776 2236.068 2692.583 2915.476 2500 2121.32 1802.776 1414.214 1000 500 0 0 0 500 707.1068 1000 500 0 0 0 500 0 0 0 0 0 500 707.1068 500 0 
500 0 0 0 0 0 0 0 500 0 0 0 0 0 500 500 707.1068 1118.034 1581.139 2061.553 2549.51 3041.381 2828.427 2500 2061.553 1581.139 1118.034 707.1068 500 0 0 500 1000 707.1068 500 0 0 500 0 0 0 0 500 0 0 500 707.1068 500 
707.1068 500 0 0 0 0 0 0 500 0 0 0 0 0 0 0 500 1000 1500 2000 2500 3000 3162.278 2692.583 2236.068 1802.776 1414.214 1000 500 0 0 500 500 500 0 0 0 0 0 0 0 500 707.1068 500 0 0 500 707.1068 
1000 500 0 0 0 0 0 500 500 0 0 500 0 0 0 0 500 1000 1500 2000 2500 3000 3354.102 2915.476 2500 2061.553 1581.139 1118.034 707.1068 500 0 0 0 0 0 0 0 0 0 0 500 707.1068 500 500 500 0 0 500 
1000 500 0 0 500 0 0 500 0 0 0 500 500 0 0 500 707.1068 1118.034 1581.139 2061.553 2549.51 3041.381 3535.534 3041.381 2549.51 2061.553 1581.139 1118.034 707.1068 500 0 0 0 0 0 0 500 0 0 0 0 500 0 0 0 0 0 0 
500 500 0 500 500 0 0 0 0 0 500 500 0 0 500 707.1068 1118.034 1414.214 1802.776 2236.068 2692.583 3162.278 3500 3000 2500 2000 1500 1000 500 0 0 0 0 0 0 0 500 0 0 0 0 0 0 500 0 0 0 0 
0 0 0 500 0 0 0 0 0 0 0 500 0 0 500 1000 1414.214 1802.776 2121.32 2500 2915.476 3354.102 3500 3000 2500 2000 1500 1000 500 0 0 0 0 500 0 0 0 0 0 0 0 0 0 500 500 500 500 500 
500 500 0 0 0 0 0 0 0 500 0 0 0 0 500 1000 1414.214 1802.776 2236.068 2692.583 3162.278 3605.551 3535.534 3041.381 2549.51 2061.553 1581.139 1118.034 707.1068 500 0 0 0 0 0 0 500 0 0 0 0 0 0 0 0 0 0 0 
0 0 0 0 0 0 500 500 0 500 0 0 0 0 500 707.1068 1118.034 1581.139 2061.553 2549.51 3041.381 3535.534 3535.534 3162.278 2692.583 2236.068 1802.776 1414.214 1000 500 0 0 500 500 500 0 0 0 0 0 0 0 500 500 500 0 0 0 
0 0 0 0 0 0 0 0 0 500 500 0 500 0 0 500 1000 1500 2000 2500 3000 3354.102 3162.278 2828.427 2500 2061.553 1581.139 1118.034 707.1068 500 0 0 500 1000 707.1068 500 0 0 0 0 0 0 0 500 707.1068 500 500 500 
0 0 0 0 0 0 500 0 500 707.1068 500 0 0 0 500 707.1068 1118.034 1581.139 2061.553 2549.51 3041.381 2915.476 2692.583 2500 2121.32 1802.776 1414.214 1000 500 0 0 500 707.1068 1118.034 1000 500 0 500 0 0 0 0 0 500 1000 1000 1000 500 
500 500 0 0 500 500 500 0 0 500 707.1068 500 0 0 500 707.1068 1118.034 1581.139 2061.553 2500 2828.427 2500 2236.068 2061.553 1802.776 1414.214 1118.034 707.1068 500 0 500 707.1068 1118.034 1118.034 707.1068 500 0 0 0 0 500 500 0 500 1000 1500 1118.034 707.1068 
0 0 0 0 0 500 500 0 0 0 500 707.1068 500 0 0 500 1000 1414.214 1802.776 2121.32 2500 2121.32 1802.776 1581.139 1414.214 1118.034 707.1068 500 0 0 500 500 707.1068 1000 500 0 0 0 0 0 0 0 0 500 1000 1118.034 1000 1000 
0 500 0 0 0 500 500 0 0 0 0 500 707.1068 500 0 500 707.1068 1118.034 1414.214 1802.776 2000 1802.776 1414.214 1118.034 1000 707.1068 500 0 0 0 0 0 500 500 500 0 500 0 500 500 0 0 0 500 707.1068 707.1068 500 500 
500 707.1068 500 0 0 500 500 0 0 500 0 0 500 500 0 0 500 707.1068 1118.034 1500 1500 1414.214 1118.034 707.1068 500 500 0 0 0 0 500 0 0 0 0 0 0 0 500 0 0 500 0 0 500 500 0 0 
1000 1000 500 0 500 707.1068 500 0 0 0 500 0 0 0 0 0 0 500 1000 1000 1000 1000 707.1068 500 0 0 0 0 500 500 707.1068 500 500 0 500 500 500 0 500 0 500 707.1068 500 0 0 0 0 0 
1500 1118.034 707.1068 500 707.1068 707.1068 500 500 0 0 500 500 500 500 0 0 0 500 500 500 500 500 500 0 0 0 0 0 500 500 707.1068 1000 707.1068 500 707.1068 500 0 0 0 0 500 1000 707.1068 500 500 0 0 0 
1802.776 1414.214 1118.034 1000 1000 500 0 0 0 500 707.1068 1000 1000 707.1068 500 500 0 0 0 0 0 0 0 0 0 0 500 0 0 0 500 500 500 500 707.1068 500 0 500 500 500 707.1068 1000 1000 1000 500 0 0 0 
2121.32 1802.776 1581.139 1500 1118.034 707.1068 500 500 500 707.1068 1118.034 1414.214 1414.214 1118.034 1000 707.1068 500 500 500 0 500 0 0 0 0 0 0 500 500 0 0 0 0 0 500 0 0 0 500 707.1068 707.1068 500 500 500 500 0 0 0 
1802.776 1414.214 1118.034 1000 1000 1000 1000 1000 1000 1118.034 1118.034 1000 1000 1000 1000 1000 500 0 0 0 0 0 0 500 0 0 500 707.1068 707.1068 500 500 500 500 0 0 0 500 0 0 500 500 0 0 0 0 0 500 0 
1414.214 1118.034 707.1068 500 500 500 500 500 707.1068 1000 707.1068 500 500 500 500 707.1068 707.1068 500 0 0 0 0 0 0 0 500 707.1068 1118.034 1118.034 1000 1000 1000 707.1068 500 500 500 707.1068 500 0 0 0 0 500 0 0 0 0 0 
1000 707.1068 500 0 0 0 0 0 500 500 500 0 0 0 0 500 500 0 0 0 0 0 0 0 500 707.1068 1118.034 1414.214 1581.139 1500 1500 1414.214 1118.034 1000 1000 1000 1118.034 707.1068 500 500 0 0 0 0 0 500 0 0 
500 500 0 0 500 500 500 0 0 0 0 0 500 500 0 0 0 0 500 0 0 0 0 0 500 707.1068 1118.034 1581.139 2061.553 2000 2000 1802.776 1581.139 1500 1500 1500 1414.214 1118.034 707.1068 500 500 0 500 500 0 500 0 0 
0 0 0 500 707.1068 1000 707.1068 500 500 0 0 500 707.1068 707.1068 500 500 500 500 0 0 0 500 500 0 0 500 1000 1500 2000 2500 2500 2236.068 2061.553 2000 2000 2000 1500 1000 500 0 0 0 500 500 0 0 0 500 
0 0 500 707.1068 1118.034 1414.214 1118.034 1000 707.1068 500 0 500 500 500 500 500 500 0 0 0 0 500 500 0 0 500 1000 1414.214 1802.776 2236.068 2692.583 2692.583 2549.51 2500 2500 2000 1500 1000 500 0 500 500 707.1068 707.1068 500 0 0 500 
0 0 500 1000 1118.034 1414.214 1581.139 1414.214 1000 500 0 0 0 0 0 0 0 0 500 0 0 500 500 0 0 500 707.1068 1118.034 1581.139 2061.553 2549.51 3041.381 3041.381 3000 2500 2000 1500 1000 500 0 500 1000 1118.034 1000 500 0 0 0 
500 0 500 500 707.1068 1118.034 1414.214 1581.139 1118.034 707.1068 500 500 500 500 500 0 500 500 0 0 500 707.1068 707.1068 500 0 0 500 1000 1500 2000 2500 3000 3500 3041.381 2549.51 2061.553 1581.139 1118.034 707.1068 500 707.1068 1118.034 1500 1000 500 0 0 0 
500 0 0 0 500 707.1068 1118.034 1581.139 1414.214 1118.034 1000 1000 1000 1000 707.1068 500 707.1068 500 0 500 707.1068 1118.034 1118.034 707.1068 500 0 500 1000 1500 2000 2500 3000 3500 3162.278 2692.583 2236.068 1802.776 1414.214 1118.034 1000 1118.034 1414.214 1581.139 1118.034 707.1068 500 500 500 
707.1068 500 500 0 0 500 1000 1414.214 1500 1500 1414.214 1118.034 1000 1000 1000 1000 1000 500 0 500 1000 1414.214 1414.214 1000 500 0 500 1000 1500 2000 2500 3000 3500 3354.102 2915.476 2500 2121.32 1802.776 1581.139 1500 1581.139 1802.776 1802.776 1414.214 1118.034 1000 1000 1000 
1118.034 1000 707.1068 500 0 500 707.1068 1000 1000 1000 1000 707.1068 500 500 500 500 707.1068 500 0 500 1000 1500 1414.214 1000 500 0 500 1000 1500 2000 2500 3000 3162.278 3354.102 3201.562 2828.427 2500 2236.068 2061.553 2000 2061.553 2236.068 2121.32 1802.776 1581.139 1500 1500 1500 
1581.139 1414.214 1000 500 0 0 500 500 500 500 500 500 0 0 0 0 500 500 0 500 1000 1500 1118.034 707.1068 500 0 500 1000 1500 2000 2500 2549.51 2692.583 2915.476 3201.562 3201.562 2915.476 2692.583 2549.51 2500 2549.51 2692.583 2500 2236.068 2061.553 2000 2000 1581.139 
2061.553 1581.139 1118.034 707.1068 500 0 0 0 0 0 0 0 0 0 0 500 0 0 0 500 1000 1500 1000 500 0 0 500 1000 1414.214 1802.776 2000 2061.553 2236.068 2500 2828.427 3041.381 3000 3041.381 3041.381 3000 3041.381 3162.278 2915.476 2692.583 2549.51 2500 2000 1500 
2236.068 1802.776 1414.214 1118.034 707.1068 500 500 500 500 500 500 0 500 0 0 0 0 500 500 707.1068 1118.034 1500 1000 500 0 0 500 707.1068 1118.034 1581.139 1500 1581.139 1802.776 2121.32 2500 2549.51 2500 2549.51 2692.583 2915.476 3201.562 3535.534 3354.102 3162.278 3000 2500 2000 1500 
2500 2121.32 1802.776 1414.214 1118.034 1000 1000 1000 1000 1000 707.1068 500 707.1068 500 500 500 500 707.1068 1000 1118.034 1414.214 1581.139 1118.034 707.1068 500 0 0 500 1000 1118.034 1000 1118.034 1414.214 1802.776 2061.553 2061.553 2000 2061.553 2236.068 2500 2828.427 3201.562 3605.551 3535.534 3041.381 2549.51 2061.553 1581.139 
2828.427 2500 2121.32 1802.776 1581.139 1500 1500 1500 1500 1414.214 1118.034 1000 1118.034 1000 1000 1000 1000 1118.034 1414.214 1581.139 1802.776 1802.776 1414.214 1118.034 707.1068 500 0 500 500 707.1068 500 707.1068 1118.034 1414.214 1581.139 1581.139 1500 1581.139 1802.776 2121.32 2500 2915.476 3354.102 3640.055 3162.278 2692.583 2236.068 1802.776 
3201.562 2828.427 2500 2236.068 2061.553 2000 2000 2000 2000 1802.776 1581.139 1500 1581.139 1500 1500 1500 1500 1581.139 1802.776 2061.553 2236.068 2121.32 1802.776 1414.214 1000 500 0 0 0 500 0 500 707.1068 1000 1118.034 1118.034 1000 1118.034 1414.214 1802.776 2236.068 2692.583 3162.278 3640.055 3354.102 2915.476 2500 2121.32 
3535.534 3201.562 2915.476 2692.583 2549.51 2500 2500 2500 2500 2236.068 2061.553 2000 2061.553 2000 2000 2000 2000 2061.553 2236.068 2500 2692.583 2500 2061.553 1581.139 1118.034 707.1068 500 500 0 0 0 0 500 500 707.1068 707.1068 500 707.1068 1118.034 1581.139 2061.553 2549.51 3041.381 3535.534 3535.534 3201.562 2828.427 2500 
3807.886 3605.551 3354.102 3162.278 3041.381 3000 3000 3000 2915.476 2692.583 2549.51 2500 2549.51 2500 2500 2500 2500 2549.51 2692.583 2915.476 3162.278 2692.583 2236.068 1802.776 1414.214 1118.034 1000 707.1068 500 500 500 0 0 0 500 500 0 500 1000 1500 2000 2500 3000 3162.278 3041.381 3000 3041.381 2915.476 
4000 4000 3807.886 3640.055 3535.534 3500 3500 3500 3354.102 3162.278 3041.381 3000 3041.381 3000 3000 3000 3000 3041.381 3162.278 3354.102 3354.102 2915.476 2500 2121.32 1802.776 1581.139 1414.214 1118.034 1000 1000 707.1068 500 500 0 0 0 0 500 1000 1500 2000 2500 2915.476 2692.583 2549.51 2500 2549.51 2692.583 
3500 3500 3500 3500 3500 3535.534 3640.055 3807.886 3807.886 3640.055 3535.534 3500 3535.534 3500 3500 3500 3500 3535.534 3640.055 3807.886 3605.551 3201.562 2828.427 2500 2236.068 2061.553 1802.776 1581.139 1500 1414.214 1118.034 1000 500 0 0 500 500 707.1068 1118.034 1414.214 1802.776 2236.068 2500 2236.068 2061.553 2000 2061.553 2236.068 
3000 3000 3000 3000 3000 3041.381 3162.278 3354.102 3605.551 3905.125 4031.129 4000 4031.129 4000 4000 4000 4000 4031.129 4031.129 3807.886 3640.055 3535.534 3201.562 2915.476 2692.583 2500 2236.068 2061.553 2000 1802.776 1500 1000 500 0 0 500 500 500 707.1068 1118.034 1581.139 2061.553 2121.32 1802.776 1581.139 1500 1581.139 1802.776 
2500 2500 2500 2500 2500 2549.51 2692.583 2915.476 3201.562 3535.534 3905.125 4242.641 4527.692 4500 4500 4500 4242.641 3905.125 3605.551 3354.102 3162.278 3041.381 3000 3041.381 3000 2915.476 2692.583 2549.51 2500 2000 1500 1000 500 0 0 0 0 0 500 1000 1500 2000 1802.776 1414.214 1118.034 1000 1118.034 1414.214 
2000 2000 2000 2000 2000 2061.553 2236.068 2500 2828.427 3201.562 3535.534 3905.125 4242.641 4609.772 4609.772 4242.641 3905.125 3535.534 3201.562 2915.476 2692.583 2549.51 2500 2549.51 2500 2500 2500 2549.51 2549.51 2061.553 1581.139 1118.034 707.1068 500 500 0 0 0 500 1000 1500 1802.776 1414.214 1118.034 707.1068 500 707.1068 1118.034 
1500 1500 1500 1500 1500 1581.139 1802.776 2121.32 2500 2828.427 3201.562 3535.534 3905.125 4301.163 4301.163 3905.125 3535.534 3201.562 2828.427 2500 2236.068 2061.553 2000 2061.553 2000 2000 2000 2061.553 2236.068 2236.068 1802.776 1414.214 1118.034 1000 707.1068 500 0 500 707.1068 1118.034 1581.139 1414.214 1118.034 707.1068 500 0 500 707.1068 
1000 1000 1000 1000 1000 1118.034 1414.214 1802.776 2121.32 2500 2828.427 3201.562 3605.551 4031.129 4031.129 3605.551 3201.562 2828.427 2500 2121.32 1802.776 1581.139 1500 1581.139 1500 1500 1500 1581.139 1802.776 2121.32 2121.32 1802.776 1414.214 1118.034 1000 500 0 0 500 1000 1500 1118.034 707.1068 500 0 0 0 500 
500 500 500 500 500 707.1068 1118.034 1414.214 1802.776 2121.32 2500 2915.476 3354.102 3807.886 3605.551 3354.102 2915.476 2500 2121.32 1802.776 1414.214 1118.034 1000 1118.034 1000 1000 1000 1118.034 1414.214 1802.776 1802.776 1414.214 1118.034 707.1068 500 500 0 0 500 1000 1414.214 1000 500 0 0 0 0 0 
0 0 0 0 0 500 707.1068 1118.034 1414.214 1802.776 2236.068 2692.583 3162.278 3354.102 3162.278 2915.476 2692.583 2236.068 1802.776 1414.214 1118.034 707.1068 500 707.1068 500 500 500 707.1068 1118.034 1414.214 1581.139 1118.034 707.1068 500 0 0 0 500 707.1068 1118.034 1118.034 707.1068 500 0 500 500 500 0 
500 500 500 0 0 0 500 707.1068 1118.034 1581.139 2061.553 2549.51 3041.381 2915.476 2692.583 2500 2236.068 2061.553 1581.139 1118.034 707.1068 500 0 500 0 0 0 500 707.1068 1118.034 1414.214 1000 500 0 0 0 0 500 1000 1414.214 1000 500 0 0 500 1000 500 0 
500 1000 707.1068 500 500 0 0 500 1000 1500 2000 2500 2692.583 2500 2236.068 2061.553 1802.776 1581.139 1500 1000 500 0 0 0 0 0 0 0 500 707.1068 1000 1000 500 0 0 0 500 707.1068 1118.034 1118.034 707.1068 500 0 500 707.1068 1000 707.1068 500 
500 1000 1118.034 1000 707.1068 500 0 500 1000 1500 2000 2500 2236.068 2061.553 1802.776 1581.139 1414.214 1118.034 1000 1000 500 0 0 0 500 500 500 0 0 500 500 500 500 0 500 500 707.1068 1118.034 1118.034 707.1068 500 0 0 500 500 500 500 500 
707.1068 1118.034 1581.139 1118.034 707.1068 500 0 500 1000 1500 2000 2121.32 1802.776 1581.139 1414.214 1118.034 1000 707.1068 500 500 500 500 0 0 0 500 707.1068 500 0 0 0 0 0 500 707.1068 1000 1118.034 1414.214 1000 500 0 0 500 0 0 0 0 0 
1118.034 1414.214 1500 1000 500 0 0 500 1000 1500 2000 1802.776 1414.214 1118.034 1000 707.1068 500 500 0 0 0 0 0 0 500 707.1068 707.1068 500 0 0 500 500 0 500 707.1068 1118.034 1118.034 1000 1000 500 0 0 0 0 500 0 0 0 
