data_maxent/Roughness.asc
ncols         48
nrows         56
xllcorner     293035.91052102
yllcorner     3212444.7030503
cellsize      500
NODATA_value  -9999
298 289 219 232 397 549 402 465 423 237 326 347 582 382 167 231 311 768 670 843 228 585 414 432 488 280 371 450 441 576 903 536 492 341 318 297 362 206 505 450 480 556 505 245 317 448 375 379 
437 346 257 309 279 549 402 465 423 563 377 407 466 358 345 480 691 780 910 874 412 579 313 392 378 387 542 535 591 806 725 870 750 623 690 604 747 485 334 311 549 394 205 390 330 391 468 410 
437 346 257 309 279 575 404 574 546 626 671 642 567 380 355 461 523 735 576 871 368 658 510 380 365 401 427 440 322 612 665 662 611 459 550 325 555 340 334 482 465 132 220 268 291 315 403 370 
469 441 265 272 347 331 382 344 576 676 379 532 459 471 358 219 239 659 340 629 607 452 596 404 442 388 492 450 500 441 494 435 623 569 392 664 504 551 539 493 230 83 211 397 320 298 360 287 
338 322 462 353 443 308 286 535 701 541 377 285 490 377 404 291 307 404 376 372 392 449 447 383 493 651 525 313 593 536 634 580 738 535 467 596 595 605 405 249 195 106 365 379 363 237 418 497 
440 405 459 430 415 405 301 535 488 316 363 131 163 309 488 551 431 519 626 542 444 338 546 451 501 343 244 272 362 854 263 335 610 489 436 398 386 300 234 133 105 257 328 325 383 420 404 356 
523 408 392 466 483 397 244 523 409 345 293 258 161 167 356 434 246 158 553 511 556 584 352 526 605 513 578 364 314 681 685 298 564 425 190 307 326 229 220 54 266 472 406 325 383 420 404 356 
432 307 379 403 372 418 240 432 431 300 254 325 325 227 311 322 440 315 445 624 463 456 613 625 494 347 456 487 424 428 890 487 456 425 317 267 280 297 220 54 266 472 406 364 553 243 406 441 
372 427 453 388 341 363 290 430 394 382 290 378 335 366 472 326 288 340 320 629 414 379 547 561 456 486 488 314 451 560 516 766 386 258 317 267 280 297 155 87 229 401 470 376 349 401 305 157 
357 345 379 316 366 300 250 282 371 355 373 431 434 363 496 532 551 309 240 454 418 276 145 338 374 702 578 485 451 560 516 766 386 249 250 254 82 140 157 149 118 322 416 307 326 251 225 225 
338 387 447 391 418 313 162 290 270 297 304 291 338 371 463 488 391 334 259 295 422 280 272 338 374 702 578 485 547 371 623 578 467 354 261 174 88 156 166 124 128 315 374 461 502 451 471 390 
492 401 279 406 543 226 192 298 294 431 427 672 621 361 491 384 265 257 259 295 422 280 272 300 256 572 527 322 325 519 582 544 338 335 258 103 106 129 137 110 242 197 316 427 487 422 297 370 
383 249 270 572 264 222 397 437 369 390 590 624 379 361 491 384 265 257 300 360 473 475 486 602 482 477 310 367 465 502 477 379 453 462 304 186 113 209 241 200 234 264 313 448 480 450 216 268 
393 411 393 245 239 279 325 390 369 390 590 624 379 389 371 351 257 332 385 344 339 304 319 459 310 379 211 277 357 592 352 318 382 323 379 438 415 441 333 367 403 266 278 318 433 377 232 277 
277 265 405 375 239 279 325 390 273 326 536 395 197 214 280 304 329 375 540 370 550 449 263 287 601 378 220 425 740 697 503 432 442 412 441 415 467 439 318 343 440 347 342 349 377 196 247 284 
277 265 405 375 328 211 286 353 264 384 459 454 429 252 260 293 369 317 422 431 519 394 355 483 466 661 432 551 585 327 293 395 389 415 432 367 302 449 425 401 298 377 395 322 264 216 159 159 
551 552 473 363 347 422 323 307 373 275 358 395 438 293 335 346 279 332 435 295 341 348 518 652 534 614 567 441 487 365 311 402 418 491 369 391 198 296 344 371 221 401 412 174 311 245 378 314 
328 352 382 507 394 404 318 380 362 290 241 420 450 377 306 268 272 421 369 269 387 469 519 536 529 399 444 342 429 251 287 338 449 315 219 253 404 416 479 363 347 247 301 292 344 327 404 487 
367 330 370 512 356 325 322 313 219 235 335 442 372 347 316 519 615 574 336 309 480 503 562 548 438 422 261 290 261 266 280 284 358 353 370 302 267 400 507 460 244 320 306 275 309 249 335 326 
492 406 436 424 354 267 506 279 375 332 417 238 234 260 310 359 269 342 214 178 284 510 314 312 319 232 211 182 225 367 376 373 359 357 437 362 471 317 451 389 273 336 306 275 309 249 335 326 
335 402 376 447 273 301 378 355 353 279 349 331 334 357 283 230 259 230 224 225 491 550 376 345 245 294 255 226 351 382 467 383 454 323 383 360 411 317 451 389 273 336 409 384 361 289 295 383 
313 194 246 356 247 365 341 279 322 398 422 460 195 441 394 381 395 314 392 401 375 304 322 166 362 200 261 233 371 342 460 454 454 323 383 360 411 241 233 403 377 302 228 257 302 332 345 346 
329 315 241 225 225 424 277 314 397 385 412 421 404 286 358 406 412 253 327 314 288 404 231 341 333 260 348 233 371 342 460 454 339 488 413 413 216 279 182 320 375 244 332 394 271 334 360 347 
334 307 479 378 435 413 402 337 451 544 438 330 477 312 483 415 254 253 258 321 305 308 231 341 333 260 348 417 537 378 396 426 302 429 348 179 204 274 265 413 319 340 293 346 417 401 401 261 
407 374 364 415 390 443 287 369 261 441 616 585 409 345 431 409 317 253 258 321 305 308 228 246 265 352 379 379 302 358 382 412 469 307 319 322 221 329 273 311 256 320 352 432 340 478 435 375 
413 387 355 315 264 504 534 397 282 280 394 423 409 345 431 409 317 365 324 349 281 172 340 264 278 351 276 392 389 316 395 423 507 351 378 324 384 317 225 243 381 378 412 255 336 313 395 429 
425 419 246 275 399 324 489 302 282 280 394 423 492 377 257 321 261 242 409 424 271 183 296 359 376 429 275 394 284 391 393 370 398 285 399 352 269 319 429 490 418 349 379 290 140 270 228 436 
242 276 330 275 399 324 489 532 383 407 313 551 635 577 392 347 310 315 366 424 405 195 265 398 338 357 308 412 267 267 315 399 409 231 247 282 316 277 319 363 299 304 175 411 277 355 510 339 
242 276 330 487 489 505 477 526 504 443 385 221 397 480 406 404 289 293 336 358 327 322 370 373 363 325 295 269 235 393 435 415 319 357 398 424 442 404 355 311 234 319 288 467 329 319 285 398 
333 252 307 367 405 298 526 502 503 532 457 107 383 595 488 446 367 343 223 379 333 290 368 292 375 234 426 383 405 334 444 432 307 394 341 483 407 395 368 225 361 294 363 465 457 346 395 401 
306 261 335 349 430 485 369 289 477 523 382 129 161 413 469 495 354 392 319 367 277 222 337 466 480 302 473 311 462 453 509 253 262 305 300 327 400 416 216 237 223 453 357 460 334 473 242 408 
443 457 372 332 388 442 399 433 437 375 253 146 212 305 455 484 425 404 338 253 222 328 356 294 366 245 351 259 450 394 292 456 358 360 403 425 307 362 336 309 290 391 429 408 229 326 263 408 
341 450 593 402 379 530 270 369 344 324 190 205 245 340 342 314 391 378 302 254 239 279 347 368 325 290 349 422 503 230 364 287 356 312 375 351 343 429 270 438 236 391 429 408 229 326 263 428 
336 353 484 412 436 452 363 375 370 395 275 226 232 242 308 296 338 383 350 154 243 301 367 318 359 410 430 421 291 373 460 386 391 335 340 379 343 429 270 438 236 272 385 416 273 266 373 409 
435 321 433 427 439 395 453 315 322 350 350 293 307 317 310 210 280 275 211 182 236 296 303 322 441 440 371 223 283 315 331 386 391 335 340 379 338 301 376 277 430 337 283 400 343 406 356 424 
426 391 323 365 558 377 515 458 280 256 312 339 342 222 265 291 359 232 204 139 232 267 340 315 340 174 371 223 283 315 331 399 316 367 370 327 256 264 261 456 298 293 257 278 362 430 288 204 
507 582 435 306 411 438 364 479 467 297 410 402 251 226 200 242 287 287 263 326 279 267 340 315 340 174 303 333 361 325 256 266 267 282 367 555 371 272 380 448 353 451 248 340 294 443 307 347 
567 470 593 536 551 368 367 446 329 365 315 364 241 332 327 385 287 287 263 326 279 283 337 379 439 324 317 397 322 238 293 366 359 430 354 345 378 352 315 344 359 441 362 380 345 396 336 432 
463 466 586 314 420 426 464 537 404 202 409 364 241 332 327 385 340 548 324 484 493 284 200 241 371 335 424 374 369 233 257 276 284 255 337 382 231 314 304 305 390 321 343 292 483 457 344 359 
338 422 389 308 470 578 353 537 404 202 409 325 459 349 418 467 320 442 360 396 357 360 315 315 438 419 321 351 350 283 288 208 269 380 484 415 399 316 356 361 399 258 307 353 511 286 383 281 
550 389 389 308 470 578 353 415 449 262 308 403 518 527 410 394 440 410 369 391 295 342 553 503 380 465 421 416 376 300 282 286 335 265 284 440 401 377 218 383 437 327 461 370 402 356 313 357 
550 389 239 267 300 519 415 364 434 275 302 255 393 434 484 376 290 345 410 483 407 325 405 391 524 410 332 338 327 420 439 408 267 318 382 440 410 351 339 349 471 443 399 366 461 358 465 467 
456 339 313 341 357 310 269 344 359 241 323 415 407 240 338 277 333 545 497 329 385 421 431 394 341 427 465 434 258 513 444 547 542 400 264 287 362 342 303 471 506 305 334 413 480 338 410 341 
448 258 328 356 369 456 442 402 358 370 475 439 399 275 298 175 302 394 231 380 471 454 473 479 525 562 452 495 426 439 286 394 407 266 385 253 248 335 397 504 329 313 429 600 416 369 287 324 
341 308 273 322 402 397 348 390 443 300 319 417 409 307 328 287 341 381 380 529 569 468 408 423 433 517 522 446 394 414 412 407 444 360 406 361 400 388 274 479 333 338 460 397 400 415 287 324 
402 355 283 328 397 340 384 283 375 492 314 459 396 523 508 287 308 417 363 346 376 451 546 521 478 450 425 488 562 510 506 416 426 301 391 389 360 394 387 283 333 338 460 397 400 415 417 366 
392 416 351 321 384 347 343 362 323 360 403 408 420 288 424 392 460 542 286 375 447 391 378 438 415 369 479 499 494 418 416 448 442 324 435 389 360 394 387 283 392 414 329 440 525 592 439 298 
434 442 366 403 273 391 382 417 378 320 386 461 364 314 501 418 514 436 389 329 351 362 371 360 431 310 329 393 463 474 416 448 442 324 435 520 302 276 437 421 499 399 517 505 461 367 141 140 
381 360 356 355 428 433 350 478 369 393 383 435 404 596 525 463 433 370 425 332 243 348 291 398 258 310 329 393 463 474 491 394 354 340 395 401 387 298 499 392 272 400 361 396 267 174 257 273 
475 401 434 433 496 488 425 392 361 374 345 386 442 638 339 200 373 399 310 383 243 348 291 398 258 343 326 379 398 315 461 554 470 487 452 382 403 339 406 379 547 392 430 557 278 344 374 406 
390 289 240 335 451 396 377 461 494 558 423 368 413 354 347 200 373 399 310 383 294 255 244 285 272 284 261 215 349 354 405 517 475 439 503 385 296 541 352 398 349 376 413 344 255 321 442 436 
528 408 412 408 390 337 607 523 296 454 423 368 413 354 347 290 360 413 203 370 281 295 244 260 175 157 180 141 179 279 286 397 425 307 350 357 259 513 342 383 327 381 457 253 297 289 459 397 
679 496 414 400 315 441 607 523 296 454 412 312 289 326 334 400 321 352 347 456 291 334 324 254 295 184 173 142 179 160 262 232 344 259 377 456 344 434 370 436 433 465 351 281 345 369 554 309 
468 496 414 400 315 441 526 351 361 288 448 329 410 420 298 407 396 233 235 240 224 292 341 338 311 373 259 242 231 204 312 317 266 215 357 427 413 463 417 539 575 435 236 247 387 542 390 313 
468 619 495 384 410 387 520 308 349 323 300 327 385 367 355 371 364 216 288 320 413 265 274 282 281 341 358 261 179 104 174 233 205 178 237 290 290 460 507 475 487 231 340 607 494 249 186 175 
580 475 400 429 433 626 566 367 325 280 219 168 321 335 320 463 413 243 425 261 475 351 235 308 307 364 332 210 107 94 174 263 391 277 364 439 395 466 503 417 216 205 268 262 322 315 327 275 
